{
    "h": {
        "type_id": "opencv-matrix",
        "rows": 50,
        "cols": 60,
        "dt": "f",
        "data": [ 0.0, 0.0, 0.0, 0.0, 0.0, 0.0, 0.0, 0.0, 0.0, 0.0, 0.0,
            0.0, 0.0, 0.0, 0.0, 0.0, 0.0, 0.0, 0.0, 0.0, 0.0, 0.0, 0.0,
            0.0, 0.0, 0.0, 0.0, 0.0, 0.0, 0.0, 0.0, 0.0, 0.0,
            6.94444461e-04, 6.94444461e-04, 6.94444461e-04, 0.0,
            2.08333344e-03, 1.38888892e-03, 0.0, 0.0, 0.0, 0.0, 0.0,
            1.38888892e-03, 6.94444461e-04, 0.0, 6.94444461e-04,
            1.38888892e-03, 6.94444461e-04, 6.94444461e-04, 0.0, 0.0,
            0.0, 0.0, 0.0, 1.38888892e-03, 0.0, 6.94444461e-04,
            6.25000009e-03, 0.0, 0.0, 0.0, 0.0, 0.0, 0.0, 0.0, 0.0, 0.0,
            0.0, 0.0, 0.0, 0.0, 0.0, 0.0, 0.0, 0.0, 0.0, 0.0,
            6.94444461e-04, 0.0, 0.0, 0.0, 0.0, 0.0, 0.0, 0.0, 0.0,
            6.94444461e-04, 0.0, 0.0, 0.0, 0.0, 2.08333344e-03,
            4.16666688e-03, 8.33333377e-03, 4.86111129e-03,
            1.04166670e-02, 1.25000002e-02, 6.25000009e-03,
            2.77777785e-03, 4.86111129e-03, 2.77777785e-03,
            2.77777785e-03, 2.77777785e-03, 1.38888892e-03,
            2.08333344e-03, 2.08333344e-03, 2.08333344e-03,
            1.38888892e-03, 0.0, 0.0, 2.08333344e-03, 1.38888892e-03,
            6.94444461e-04, 0.0, 0.0, 6.94444461e-04, 0.0,
            7.63888890e-03, 0.0, 0.0, 0.0, 0.0, 0.0, 0.0, 0.0, 0.0, 0.0,
            0.0, 0.0, 0.0, 0.0, 0.0, 6.94444461e-04, 6.94444461e-04, 0.0,
            6.94444461e-04, 6.94444461e-04, 0.0, 1.38888892e-03, 0.0,
            2.08333344e-03, 2.08333344e-03, 0.0, 1.38888892e-03,
            6.94444461e-04, 2.08333344e-03, 6.94444461e-04,
            1.38888892e-03, 2.77777785e-03, 2.77777785e-03,
            6.94444461e-04, 3.47222225e-03, 4.86111129e-03,
            5.55555569e-03, 9.02777817e-03, 1.25000002e-02,
            6.25000009e-03, 6.94444450e-03, 1.31944446e-02,
            9.02777817e-03, 9.72222257e-03, 3.47222225e-03,
            5.55555569e-03, 7.63888890e-03, 5.55555569e-03,
            2.08333344e-03, 4.86111129e-03, 3.47222225e-03,
            4.16666688e-03, 6.94444461e-04, 2.08333344e-03,
            1.38888892e-03, 0.0, 1.38888892e-03, 6.94444461e-04, 0.0,
            1.38888892e-03, 6.94444461e-04, 0.0, 0.0, 0.0, 0.0, 0.0, 0.0,
            0.0, 0.0, 0.0, 0.0, 0.0, 0.0, 6.94444461e-04, 2.08333344e-03,
            9.02777817e-03, 2.63888892e-02, 3.05555556e-02,
            2.77777780e-02, 2.56944448e-02, 1.31944446e-02,
            1.52777778e-02, 1.18055558e-02, 1.11111114e-02,
            1.18055558e-02, 6.25000009e-03, 4.86111129e-03,
            1.11111114e-02, 7.63888890e-03, 1.38888892e-03,
            4.86111129e-03, 3.47222225e-03, 2.77777785e-03,
            2.77777785e-03, 4.16666688e-03, 3.47222225e-03,
            2.08333344e-03, 2.08333344e-03, 5.55555569e-03,
            2.08333344e-03, 3.47222225e-03, 2.77777785e-03,
            1.38888892e-03, 1.38888892e-03, 6.94444461e-04,
            2.77777785e-03, 4.86111129e-03, 0.0, 2.77777785e-03,
            1.38888892e-03, 6.94444461e-04, 0.0, 6.94444461e-04, 0.0,
            6.94444461e-04, 0.0, 0.0, 0.0, 0.0, 0.0, 6.94444461e-04, 0.0,
            0.0, 0.0, 0.0, 0.0, 0.0, 0.0, 0.0, 0.0, 0.0, 0.0, 0.0,
            2.08333344e-03, 4.86111129e-03, 1.66666675e-02,
            3.81944440e-02, 4.93055582e-02, 8.05555582e-02,
            1.60416678e-01, 1.29166663e-01, 1.02777779e-01,
            5.55555560e-02, 3.61111127e-02, 1.11111114e-02,
            1.04166670e-02, 8.33333377e-03, 9.72222257e-03,
            5.55555569e-03, 4.16666688e-03, 4.86111129e-03,
            3.47222225e-03, 4.86111129e-03, 3.47222225e-03,
            2.77777785e-03, 2.08333344e-03, 1.38888892e-03,
            6.94444461e-04, 2.08333344e-03, 0.0, 1.38888892e-03,
            6.94444461e-04, 0.0, 6.94444461e-04, 6.94444461e-04,
            6.94444461e-04, 0.0, 1.38888892e-03, 0.0, 6.94444461e-04,
            0.0, 0.0, 6.94444461e-04, 0.0, 0.0, 0.0, 0.0, 0.0, 0.0, 0.0,
            2.08333344e-03, 0.0, 0.0, 0.0, 0.0, 0.0, 0.0, 0.0, 0.0, 0.0,
            0.0, 6.94444461e-04, 6.94444461e-04, 1.66666675e-02,
            5.34722246e-02, 1.09027781e-01, 1.83333337e-01,
            2.63194442e-01, 4.62500006e-01, 1.0, 6.84722245e-01,
            4.69444454e-01, 3.00000012e-01, 1.47222221e-01,
            5.62500022e-02, 2.63888892e-02, 1.87500007e-02,
            1.11111114e-02, 4.86111129e-03, 5.55555569e-03,
            6.25000009e-03, 2.77777785e-03, 2.08333344e-03,
            1.38888892e-03, 6.94444461e-04, 1.38888892e-03, 0.0, 0.0,
            0.0, 0.0, 6.94444461e-04, 6.94444461e-04, 0.0, 0.0, 0.0,
            6.94444461e-04, 0.0, 0.0, 0.0, 0.0, 0.0, 0.0, 6.94444461e-04,
            0.0, 0.0, 0.0, 0.0, 0.0, 0.0, 0.0, 0.0, 0.0, 0.0, 0.0, 0.0,
            0.0, 0.0, 0.0, 0.0, 0.0, 0.0, 1.38888892e-03, 1.66666675e-02,
            2.84722224e-02, 5.20833358e-02, 5.20833358e-02,
            1.29166663e-01, 1.36111110e-01, 1.15972228e-01,
            2.15972230e-01, 2.64583349e-01, 2.93055564e-01,
            2.37500012e-01, 1.77777782e-01, 6.31944463e-02,
            3.81944440e-02, 2.77777780e-02, 5.62500022e-02,
            2.01388896e-02, 1.25000002e-02, 1.38888890e-02,
            5.06944470e-02, 4.37499993e-02, 1.59722231e-02,
            4.16666688e-03, 0.0, 1.38888892e-03, 0.0, 0.0, 0.0, 0.0, 0.0,
            0.0, 0.0, 0.0, 0.0, 0.0, 0.0, 0.0, 0.0, 0.0, 0.0, 0.0, 0.0,
            0.0, 0.0, 0.0, 0.0, 0.0, 0.0, 0.0, 0.0, 0.0, 0.0, 0.0, 0.0,
            0.0, 0.0, 0.0, 0.0, 0.0, 1.38888892e-03, 6.94444461e-04,
            5.55555569e-03, 1.11111114e-02, 6.25000009e-03,
            2.01388896e-02, 1.18055558e-02, 1.45833334e-02,
            1.38888890e-02, 1.52777778e-02, 1.18055558e-02,
            1.38888890e-02, 2.43055560e-02, 5.55555569e-03,
            4.86111129e-03, 0.0, 1.38888892e-03, 6.94444461e-04,
            2.08333344e-03, 0.0, 1.38888892e-03, 6.94444461e-04, 0.0,
            6.94444461e-04, 0.0, 0.0, 0.0, 0.0, 6.94444461e-04,
            6.94444461e-04, 0.0, 0.0, 0.0, 0.0, 0.0, 0.0, 0.0, 0.0, 0.0,
            0.0, 0.0, 0.0, 0.0, 0.0, 0.0, 0.0, 0.0, 6.94444461e-04, 0.0,
            0.0, 0.0, 0.0, 0.0, 0.0, 0.0, 0.0, 0.0, 0.0, 0.0,
            6.94444461e-04, 6.94444461e-04, 0.0, 0.0, 6.94444461e-04,
            3.47222225e-03, 1.04166670e-02, 6.25000009e-03,
            9.72222257e-03, 4.86111129e-03, 4.16666688e-03,
            8.33333377e-03, 1.11111114e-02, 1.80555563e-02,
            2.22222228e-02, 7.63888890e-03, 1.38888892e-03,
            2.08333344e-03, 0.0, 6.94444461e-04, 0.0, 6.94444461e-04,
            1.38888892e-03, 0.0, 0.0, 0.0, 0.0, 0.0, 0.0, 1.38888892e-03,
            0.0, 0.0, 0.0, 0.0, 6.94444461e-04, 0.0, 0.0, 0.0, 0.0, 0.0,
            0.0, 0.0, 0.0, 0.0, 0.0, 0.0, 0.0, 0.0, 0.0, 0.0, 0.0, 0.0,
            0.0, 0.0, 0.0, 0.0, 0.0, 0.0, 0.0, 0.0, 0.0, 0.0, 0.0, 0.0,
            0.0, 2.77777785e-03, 2.77777785e-03, 2.77777785e-03,
            6.94444461e-04, 0.0, 5.55555569e-03, 4.16666688e-03,
            2.08333344e-03, 6.25000009e-03, 0.0, 2.77777785e-03, 0.0,
            6.94444461e-04, 6.94444461e-04, 0.0, 0.0, 1.38888892e-03,
            0.0, 0.0, 0.0, 0.0, 0.0, 0.0, 0.0, 0.0, 0.0, 0.0, 0.0, 0.0,
            0.0, 0.0, 0.0, 0.0, 0.0, 0.0, 0.0, 0.0, 0.0, 0.0, 0.0, 0.0,
            0.0, 0.0, 0.0, 0.0, 0.0, 0.0, 0.0, 0.0, 0.0, 0.0, 0.0, 0.0,
            0.0, 0.0, 0.0, 0.0, 0.0, 0.0, 0.0, 0.0, 0.0, 0.0, 0.0,
            6.94444461e-04, 0.0, 0.0, 0.0, 0.0, 0.0, 0.0, 6.94444461e-04,
            0.0, 0.0, 0.0, 0.0, 0.0, 0.0, 0.0, 0.0, 6.94444461e-04, 0.0,
            0.0, 0.0, 0.0, 0.0, 0.0, 0.0, 0.0, 0.0, 0.0, 0.0, 0.0, 0.0,
            0.0, 0.0, 0.0, 0.0, 0.0, 0.0, 0.0, 0.0, 0.0, 0.0, 0.0, 0.0,
            0.0, 0.0, 0.0, 0.0, 0.0, 0.0, 0.0, 0.0, 0.0, 0.0, 0.0, 0.0,
            0.0, 0.0, 0.0, 0.0, 0.0, 0.0, 0.0, 0.0, 0.0, 0.0, 0.0, 0.0,
            0.0, 0.0, 0.0, 0.0, 0.0, 0.0, 0.0, 0.0, 0.0, 0.0, 0.0, 0.0,
