{
    "h": {
        "type_id": "opencv-matrix",
        "rows": 50,
        "cols": 60,
        "dt": "f",
        "data": [ 0.0, 0.0, 0.0, 0.0, 0.0, 0.0, 0.0, 0.0, 0.0, 0.0, 0.0,
            0.0, 0.0, 0.0, 0.0, 0.0, 0.0, 0.0, 0.0, 0.0, 0.0, 0.0, 0.0,
            0.0, 0.0, 0.0, 0.0, 0.0, 0.0, 0.0, 0.0, 0.0, 0.0, 0.0, 0.0,
            0.0, 0.0, 0.0, 0.0, 0.0, 0.0, 0.0, 0.0, 0.0, 0.0, 0.0, 0.0,
            0.0, 0.0, 0.0, 0.0, 0.0, 0.0, 0.0, 0.0, 0.0, 0.0, 0.0, 0.0,
            0.0, 0.0, 0.0, 0.0, 0.0, 0.0, 0.0, 0.0, 0.0, 0.0, 0.0, 0.0,
            0.0, 0.0, 0.0, 0.0, 0.0, 0.0, 0.0, 0.0, 0.0, 0.0, 0.0, 0.0,
            0.0, 0.0, 0.0, 0.0, 0.0, 0.0, 0.0, 0.0, 0.0, 0.0, 0.0, 0.0,
            0.0, 1.94174761e-03, 0.0, 0.0, 1.94174761e-03, 0.0, 0.0, 0.0,
            0.0, 0.0, 0.0, 0.0, 0.0, 0.0, 0.0, 0.0, 0.0, 0.0, 0.0, 0.0,
            0.0, 0.0, 0.0, 0.0, 0.0, 0.0, 0.0, 0.0, 0.0, 0.0, 0.0, 0.0,
            0.0, 0.0, 0.0, 0.0, 0.0, 0.0, 0.0, 0.0, 0.0, 0.0, 0.0, 0.0,
            0.0, 0.0, 0.0, 0.0, 0.0, 0.0, 0.0, 1.94174761e-03,
            1.94174761e-03, 0.0, 0.0, 1.94174761e-03, 1.94174761e-03,
            0.0, 1.94174761e-03, 0.0, 0.0, 3.88349523e-03,
            1.94174761e-03, 5.82524296e-03, 0.0, 1.94174761e-03,
            5.82524296e-03, 0.0, 0.0, 0.0, 1.94174761e-03, 0.0, 0.0, 0.0,
            0.0, 0.0, 0.0, 0.0, 0.0, 0.0, 1.94174761e-03, 0.0, 0.0, 0.0,
            0.0, 0.0, 0.0, 0.0, 0.0, 0.0, 0.0, 0.0, 0.0, 0.0, 0.0,
            5.82524296e-03, 5.82524296e-03, 1.94174761e-03,
            1.94174761e-03, 1.94174761e-03, 1.94174761e-03,
            5.82524296e-03, 0.0, 3.88349523e-03, 5.82524296e-03,
            1.16504859e-02, 9.70873795e-03, 1.94174761e-03,
            5.82524296e-03, 1.94174761e-03, 5.82524296e-03,
            9.70873795e-03, 1.16504859e-02, 7.76699046e-03,
            3.88349523e-03, 7.76699046e-03, 9.70873795e-03,
            9.70873795e-03, 7.76699046e-03, 7.76699046e-03,
            5.82524296e-03, 5.82524296e-03, 1.55339809e-02,
            7.76699046e-03, 3.88349523e-03, 1.16504859e-02, 0.0,
            1.94174761e-03, 1.94174761e-03, 3.88349523e-03,
            1.94174761e-03, 3.88349523e-03, 3.88349523e-03, 0.0, 0.0,
            0.0, 1.94174761e-03, 3.88349523e-03, 0.0, 0.0, 0.0, 0.0, 0.0,
            0.0, 0.0, 0.0, 0.0, 0.0, 0.0, 0.0, 0.0, 0.0, 0.0, 0.0, 0.0,
            9.70873795e-03, 1.74757279e-02, 7.76699046e-03,
            1.16504859e-02, 2.52427198e-02, 2.52427198e-02,
            3.88349518e-02, 5.82524277e-02, 8.93203914e-02,
            1.04854368e-01, 9.70873833e-02, 9.12621394e-02,
            6.40776679e-02, 3.10679618e-02, 2.71844659e-02,
            2.52427198e-02, 1.74757279e-02, 1.94174759e-02,
            2.33009718e-02, 2.33009718e-02, 2.71844659e-02,
            2.52427198e-02, 1.16504859e-02, 1.35922330e-02,
            9.70873795e-03, 5.82524296e-03, 1.16504859e-02,
            5.82524296e-03, 9.70873795e-03, 3.88349523e-03,
            5.82524296e-03, 3.88349523e-03, 3.88349523e-03,
            5.82524296e-03, 7.76699046e-03, 1.94174761e-03,
            1.94174761e-03, 0.0, 3.88349523e-03, 1.94174761e-03, 0.0,
            0.0, 0.0, 0.0, 0.0, 0.0, 1.94174761e-03, 0.0, 0.0, 0.0, 0.0,
            0.0, 0.0, 0.0, 0.0, 0.0, 0.0, 9.70873795e-03, 3.88349518e-02,
            1.94174759e-02, 7.96116516e-02, 1.47572815e-01,
            1.84466019e-01, 2.44660199e-01, 5.26213586e-01,
            5.96116543e-01, 4.33009714e-01, 2.62135923e-01,
            3.86407763e-01, 3.84466022e-01, 5.10679603e-01,
            4.42718446e-01, 2.85436898e-01, 9.90291312e-02,
            9.32038873e-02, 5.82524277e-02, 3.68932039e-02,
            3.10679618e-02, 2.33009718e-02, 1.16504859e-02,
            1.16504859e-02, 3.88349523e-03, 1.55339809e-02,
            5.82524296e-03, 3.88349523e-03, 7.76699046e-03,
            3.88349523e-03, 1.94174761e-03, 3.88349523e-03, 0.0, 0.0,
            3.88349523e-03, 7.76699046e-03, 1.94174761e-03, 0.0, 0.0,
            0.0, 3.88349523e-03, 1.94174761e-03, 0.0, 0.0, 0.0, 0.0, 0.0,
            0.0, 0.0, 0.0, 0.0, 0.0, 0.0, 0.0, 0.0, 0.0, 0.0, 0.0,
            7.76699046e-03, 1.35922330e-02, 1.63106799e-01,
            2.46601954e-01, 2.87378639e-01, 4.07766998e-01,
            8.36893201e-01, 8.38834941e-01, 9.04854417e-01, 1.0,
            9.32038844e-01, 6.50485456e-01, 5.12621343e-01,
            4.52427208e-01, 4.19417471e-01, 2.83495158e-01,
            2.69902915e-01, 2.27184474e-01, 9.12621394e-02,
            1.04854368e-01, 1.53398067e-01, 1.37864083e-01,
            4.46601957e-02, 9.70873795e-03, 7.76699046e-03,
            7.76699046e-03, 1.94174761e-03, 0.0, 1.94174761e-03, 0.0,
            1.94174761e-03, 0.0, 0.0, 0.0, 0.0, 0.0, 1.94174761e-03, 0.0,
            0.0, 0.0, 0.0, 0.0, 0.0, 0.0, 0.0, 0.0, 0.0, 0.0, 0.0, 0.0,
            0.0, 0.0, 0.0, 0.0, 0.0, 0.0, 0.0, 0.0, 0.0, 0.0,
            1.55339809e-02, 4.66019437e-02, 2.23300979e-01,
            2.50485450e-01, 2.71844655e-01, 5.90291262e-01,
            5.43689311e-01, 4.91262138e-01, 4.79611665e-01,
            1.76699027e-01, 2.27184474e-01, 1.70873791e-01,
            1.43689319e-01, 9.51456353e-02, 4.66019437e-02,
            7.76699036e-02, 4.27184477e-02, 1.94174759e-02,
            1.35922330e-02, 1.94174759e-02, 1.35922330e-02,
            1.35922330e-02, 7.76699046e-03, 3.88349523e-03,
            1.94174761e-03, 0.0, 1.94174761e-03, 0.0, 0.0, 0.0, 0.0,
            3.88349523e-03, 0.0, 0.0, 0.0, 0.0, 0.0, 0.0, 0.0, 0.0, 0.0,
            0.0, 0.0, 0.0, 0.0, 0.0, 0.0, 0.0, 0.0, 0.0, 0.0,
            1.94174761e-03, 0.0, 0.0, 0.0, 0.0, 0.0, 0.0, 0.0, 0.0, 0.0,
            8.54368955e-02, 8.73786435e-02, 8.34951475e-02,
            1.82524279e-01, 9.32038873e-02, 5.43689318e-02,
            5.63106798e-02, 4.07766998e-02, 3.49514559e-02,
            3.88349518e-02, 1.14563107e-01, 8.54368955e-02,
            2.91262139e-02, 2.33009718e-02, 1.35922330e-02,
            1.35922330e-02, 2.71844659e-02, 1.55339809e-02,
            9.70873795e-03, 1.16504859e-02, 1.55339809e-02,
            9.70873795e-03, 1.35922330e-02, 1.94174761e-03,
            1.94174761e-03, 3.88349523e-03, 0.0, 0.0, 1.94174761e-03,
            7.76699046e-03, 1.94174761e-03, 0.0, 1.94174761e-03,
            3.88349523e-03, 1.94174761e-03, 0.0, 1.94174761e-03, 0.0,
            0.0, 0.0, 0.0, 0.0, 0.0, 0.0, 0.0, 0.0, 0.0, 0.0, 0.0, 0.0,
            0.0, 0.0, 0.0, 0.0, 0.0, 0.0, 0.0, 0.0, 0.0, 1.94174761e-03,
            5.82524296e-03, 3.88349523e-03, 3.88349523e-03,
            5.82524296e-03, 1.94174761e-03, 1.94174761e-03,
            1.94174761e-03, 0.0, 0.0, 1.35922330e-02, 2.33009718e-02,
            1.74757279e-02, 3.30097079e-02, 6.99029118e-02,
            5.24271838e-02, 3.30097079e-02, 3.10679618e-02,
            4.46601957e-02, 4.46601957e-02, 2.52427198e-02,
            3.49514559e-02, 2.33009718e-02, 9.70873795e-03,
            1.74757279e-02, 5.82524296e-03, 1.94174761e-03, 0.0,
            7.76699046e-03, 3.88349523e-03, 0.0, 3.88349523e-03, 0.0,
            1.94174761e-03, 1.94174761e-03, 0.0, 0.0, 0.0, 0.0, 0.0, 0.0,
            0.0, 0.0, 0.0, 0.0, 0.0, 0.0, 0.0, 0.0, 0.0, 0.0, 0.0, 0.0,
            0.0, 0.0, 0.0, 0.0, 0.0, 0.0, 0.0, 0.0, 1.94174761e-03, 0.0,
            0.0, 0.0, 0.0, 0.0, 0.0, 0.0, 0.0, 1.94174761e-03,
            1.94174761e-03, 0.0, 1.16504859e-02, 3.49514559e-02, 0.0,
            5.82524296e-03, 0.0, 9.70873795e-03, 1.94174761e-03,
            3.88349523e-03, 1.94174761e-03, 1.94174761e-03, 0.0,
            1.94174761e-03, 0.0, 0.0, 0.0, 0.0, 0.0, 0.0, 0.0, 0.0, 0.0,
            0.0, 0.0, 0.0, 0.0, 0.0, 0.0, 0.0, 0.0, 0.0, 0.0, 0.0, 0.0,
            0.0, 0.0, 0.0, 0.0, 0.0, 0.0, 0.0, 0.0, 0.0, 0.0, 0.0, 0.0,
            0.0, 0.0, 0.0, 0.0, 0.0, 0.0, 0.0, 0.0, 0.0, 0.0, 0.0, 0.0,
            0.0, 0.0, 0.0, 0.0, 0.0, 0.0, 0.0, 0.0, 0.0, 0.0, 0.0, 0.0,
            0.0, 0.0, 0.0, 0.0, 0.0, 0.0, 0.0, 0.0, 0.0, 0.0, 0.0, 0.0,
            0.0, 0.0, 0.0, 0.0, 0.0, 0.0, 0.0, 0.0, 0.0, 0.0, 0.0, 0.0,
