{
    "h": {
        "type_id": "opencv-matrix",
        "rows": 50,
        "cols": 60,
        "dt": "f",
        "data": [ 4.57456539e-04, 0.0, 0.0, 0.0, 0.0, 0.0, 0.0,
            4.57456539e-04, 0.0, 0.0, 4.57456539e-04, 0.0, 0.0, 0.0, 0.0,
            0.0, 0.0, 0.0, 0.0, 0.0, 0.0, 0.0, 0.0, 0.0, 0.0, 0.0, 0.0,
            0.0, 0.0, 0.0, 0.0, 0.0, 0.0, 0.0, 0.0, 0.0, 0.0, 0.0, 0.0,
            0.0, 0.0, 0.0, 0.0, 0.0, 0.0, 0.0, 0.0, 0.0, 0.0, 0.0, 0.0,
            0.0, 0.0, 0.0, 0.0, 0.0, 0.0, 0.0, 0.0, 0.0, 0.0, 0.0, 0.0,
            0.0, 4.57456539e-04, 0.0, 0.0, 0.0, 4.57456539e-04, 0.0, 0.0,
            0.0, 0.0, 0.0, 0.0, 0.0, 0.0, 0.0, 0.0, 0.0, 0.0, 0.0, 0.0,
            0.0, 0.0, 0.0, 0.0, 0.0, 0.0, 0.0, 0.0, 0.0, 0.0, 0.0, 0.0,
            0.0, 0.0, 0.0, 0.0, 0.0, 0.0, 0.0, 0.0, 0.0, 0.0, 0.0, 0.0,
            0.0, 0.0, 0.0, 0.0, 0.0, 0.0, 0.0, 0.0, 0.0, 0.0, 0.0, 0.0,
            0.0, 0.0, 0.0, 0.0, 0.0, 0.0, 0.0, 0.0, 0.0, 0.0, 0.0, 0.0,
            0.0, 4.57456539e-04, 4.57456539e-04, 4.57456539e-04,
            4.57456539e-04, 4.57456539e-04, 0.0, 4.57456539e-04, 0.0,
            9.14913078e-04, 4.57456539e-04, 4.57456539e-04,
            4.57456539e-04, 0.0, 0.0, 0.0, 0.0, 4.57456539e-04, 0.0,
            4.57456539e-04, 0.0, 0.0, 4.57456539e-04, 4.57456539e-04,
            0.0, 0.0, 0.0, 0.0, 0.0, 0.0, 0.0, 0.0, 0.0, 0.0, 0.0, 0.0,
            0.0, 0.0, 0.0, 0.0, 0.0, 0.0, 0.0, 0.0, 0.0, 0.0, 0.0, 0.0,
            0.0, 0.0, 0.0, 4.57456539e-04, 0.0, 0.0, 0.0, 0.0, 0.0, 0.0,
            0.0, 4.57456539e-04, 0.0, 1.82982616e-03, 1.82982616e-03,
            3.20219574e-03, 1.37236959e-03, 4.57456522e-03,
            4.11710888e-03, 5.03202202e-03, 3.20219574e-03,
            3.20219574e-03, 5.48947835e-03, 4.57456522e-03,
            2.28728261e-03, 7.31930463e-03, 5.03202202e-03,
            5.94693515e-03, 4.11710888e-03, 5.94693515e-03,
            8.69167410e-03, 7.77676096e-03, 8.23421776e-03,
            1.05215004e-02, 1.60109792e-02, 1.28087830e-02,
            1.60109792e-02, 1.32662393e-02, 1.05215004e-02,
            6.40439149e-03, 5.03202202e-03, 2.28728261e-03,
            2.28728261e-03, 1.82982616e-03, 4.57456539e-04,
            1.37236959e-03, 9.14913078e-04, 4.57456539e-04,
            4.57456539e-04, 0.0, 9.14913078e-04, 0.0, 0.0,
            4.57456539e-04, 0.0, 0.0, 0.0, 0.0, 0.0, 0.0, 0.0, 0.0, 0.0,
            0.0, 0.0, 0.0, 0.0, 0.0, 0.0, 0.0, 4.57456539e-04,
            1.37236959e-03, 2.74473918e-03, 3.65965231e-03,
            3.65965231e-03, 3.20219574e-03, 5.03202202e-03,
            9.14913043e-03, 5.03202202e-03, 5.94693515e-03,
            4.11710888e-03, 6.86184829e-03, 7.77676096e-03,
            5.48947835e-03, 6.86184829e-03, 3.65965231e-03,
            4.11710888e-03, 6.86184829e-03, 3.65965231e-03,
            4.57456522e-03, 6.86184829e-03, 3.65965231e-03,
            2.74473918e-03, 4.11710888e-03, 4.11710888e-03,
            5.03202202e-03, 1.82982616e-03, 2.74473918e-03,
            5.48947835e-03, 1.37236959e-03, 9.14913078e-04, 0.0, 0.0,
            1.37236959e-03, 0.0, 0.0, 0.0, 0.0, 0.0, 0.0, 0.0, 0.0, 0.0,
            0.0, 0.0, 0.0, 0.0, 0.0, 0.0, 0.0, 0.0, 0.0, 4.57456539e-04,
            0.0, 0.0, 4.57456539e-04, 0.0, 4.57456539e-04, 0.0,
            1.37236959e-03, 4.57456539e-04, 1.37236959e-03,
            1.82982616e-03, 3.20219574e-03, 9.14913078e-04,
            4.57456522e-03, 5.48947835e-03, 3.20219574e-03,
            3.65965231e-03, 3.65965231e-03, 9.14913078e-04,
            5.48947835e-03, 3.20219574e-03, 4.57456522e-03,
            3.65965231e-03, 2.74473918e-03, 1.37236959e-03,
            3.65965231e-03, 1.37236959e-03, 2.74473918e-03,
            3.65965231e-03, 2.74473918e-03, 2.28728261e-03,
            1.82982616e-03, 6.40439149e-03, 1.82982616e-03,
            2.74473918e-03, 1.37236959e-03, 1.82982616e-03,
            2.28728261e-03, 4.57456539e-04, 0.0, 0.0, 4.57456539e-04,
            0.0, 0.0, 0.0, 0.0, 0.0, 0.0, 0.0, 0.0, 0.0, 0.0, 0.0, 0.0,
            0.0, 0.0, 0.0, 0.0, 0.0, 0.0, 0.0, 4.57456539e-04, 0.0, 0.0,
            0.0, 0.0, 4.57456539e-04, 4.57456539e-04, 4.57456539e-04,
            4.57456539e-04, 1.82982616e-03, 2.74473918e-03,
            4.57456539e-04, 1.82982616e-03, 9.14913078e-04,
            1.82982616e-03, 2.74473918e-03, 5.94693515e-03,
            4.57456539e-04, 1.37236959e-03, 1.82982616e-03,
            2.28728261e-03, 3.65965231e-03, 5.03202202e-03,
            4.11710888e-03, 8.69167410e-03, 4.57456522e-03,
            7.31930463e-03, 5.94693515e-03, 1.60109792e-02,
            1.28087830e-02, 1.18938703e-02, 2.51601096e-02,
            3.38517837e-02, 4.98627611e-02, 5.94693497e-02,
            5.76395243e-02, 2.15004571e-02, 1.37236966e-02,
            9.14913043e-03, 2.74473918e-03, 0.0, 4.57456539e-04, 0.0,
            0.0, 0.0, 0.0, 0.0, 0.0, 0.0, 0.0, 0.0, 0.0, 0.0, 0.0, 0.0,
            0.0, 0.0, 0.0, 0.0, 0.0, 0.0, 0.0, 0.0, 0.0, 9.14913078e-04,
            9.14913078e-04, 9.14913078e-04, 9.14913078e-04,
            9.14913078e-04, 4.57456539e-04, 1.82982616e-03,
            1.82982616e-03, 4.57456539e-04, 2.74473918e-03,
            9.14913078e-04, 2.28728261e-03, 4.57456522e-03,
            4.57456539e-04, 3.65965231e-03, 2.28728261e-03,
            4.11710888e-03, 3.65965231e-03, 5.03202202e-03,
            3.65965231e-03, 4.11710888e-03, 2.74473918e-03,
            3.20219574e-03, 4.57456522e-03, 5.03202202e-03,
            6.86184829e-03, 2.74473918e-03, 5.48947835e-03,
            9.60658770e-03, 2.74473918e-03, 2.74473918e-03,
            4.57456539e-04, 9.14913078e-04, 0.0, 4.57456539e-04, 0.0,
            0.0, 0.0, 0.0, 0.0, 0.0, 0.0, 0.0, 0.0, 0.0, 0.0, 0.0, 0.0,
            0.0, 0.0, 0.0, 0.0, 0.0, 0.0, 4.57456539e-04, 0.0, 0.0,
            1.37236959e-03, 0.0, 0.0, 1.82982616e-03, 2.28728261e-03,
            9.14913078e-04, 1.37236959e-03, 4.57456539e-04,
            4.57456539e-04, 4.57456539e-04, 2.74473918e-03,
            4.57456539e-04, 3.65965231e-03, 2.74473918e-03,
            3.65965231e-03, 4.57456522e-03, 2.74473918e-03,
            5.94693515e-03, 4.57456522e-03, 9.14913078e-04,
            2.74473918e-03, 1.82982616e-03, 9.14913078e-04,
            9.14913078e-04, 2.28728261e-03, 4.57456539e-04,
            9.14913078e-04, 9.14913078e-04, 4.57456539e-04, 0.0, 0.0,
            0.0, 0.0, 0.0, 0.0, 0.0, 0.0, 0.0, 0.0, 0.0, 0.0, 0.0, 0.0,
            0.0, 0.0, 0.0, 0.0, 0.0, 0.0, 0.0, 0.0, 0.0, 0.0, 0.0, 0.0,
            0.0, 0.0, 0.0, 4.57456539e-04, 9.14913078e-04,
            1.37236959e-03, 9.14913078e-04, 2.74473918e-03,
            1.82982616e-03, 1.37236959e-03, 1.37236959e-03,
            3.20219574e-03, 9.14913078e-04, 2.28728261e-03,
            4.57456539e-04, 9.14913078e-04, 2.28728261e-03,
            2.28728261e-03, 1.82982616e-03, 4.57456539e-04,
            9.14913078e-04, 1.37236959e-03, 3.20219574e-03,
            1.82982616e-03, 1.37236959e-03, 0.0, 0.0, 4.57456539e-04,
            0.0, 0.0, 0.0, 0.0, 0.0, 0.0, 0.0, 0.0, 0.0, 0.0, 0.0, 0.0,
            0.0, 0.0, 0.0, 0.0, 0.0, 0.0, 0.0, 0.0, 0.0, 0.0, 0.0, 0.0,
            0.0, 0.0, 0.0, 0.0, 0.0, 0.0, 0.0, 0.0, 0.0, 0.0, 0.0, 0.0,
            9.14913078e-04, 9.14913078e-04, 0.0, 0.0, 0.0,
            1.82982616e-03, 1.37236959e-03, 9.14913078e-04, 0.0,
            1.37236959e-03, 4.57456539e-04, 1.37236959e-03,
            2.74473918e-03, 1.82982616e-03, 9.14913078e-04,
            2.28728261e-03, 1.82982616e-03, 1.37236959e-03, 0.0,
            4.57456539e-04, 4.57456539e-04, 0.0, 0.0, 0.0, 0.0,
            4.57456539e-04, 0.0, 0.0, 0.0, 0.0, 0.0, 0.0, 0.0, 0.0, 0.0,
            0.0, 0.0, 0.0, 0.0, 0.0, 0.0, 0.0, 0.0, 0.0, 0.0, 0.0, 0.0,
            0.0, 0.0, 0.0, 0.0, 0.0, 0.0, 0.0, 0.0, 0.0, 0.0, 0.0, 0.0,
            0.0, 4.57456539e-04, 4.57456539e-04, 4.57456539e-04,
            1.37236959e-03, 2.74473918e-03, 4.57456539e-04,
            4.57456539e-04, 4.57456539e-04, 4.57456539e-04,
