{
    "h": {
        "type_id": "opencv-matrix",
        "rows": 50,
        "cols": 60,
        "dt": "f",
        "data": [ 0.0, 0.0, 0.0, 0.0, 0.0, 0.0, 0.0, 0.0, 0.0, 0.0, 0.0,
            0.0, 0.0, 0.0, 0.0, 0.0, 0.0, 0.0, 0.0, 0.0, 0.0, 0.0, 0.0,
            0.0, 0.0, 0.0, 0.0, 0.0, 0.0, 0.0, 0.0, 0.0, 0.0, 0.0, 0.0,
            0.0, 0.0, 0.0, 0.0, 0.0, 1.49925041e-03, 0.0, 0.0, 0.0, 0.0,
            0.0, 0.0, 0.0, 0.0, 0.0, 0.0, 0.0, 0.0, 0.0, 0.0, 0.0, 0.0,
            0.0, 0.0, 0.0, 0.0, 0.0, 0.0, 0.0, 0.0, 0.0, 0.0,
            1.49925041e-03, 2.99850083e-03, 2.99850083e-03, 0.0, 0.0,
            0.0, 0.0, 0.0, 0.0, 0.0, 0.0, 0.0, 0.0, 0.0, 0.0, 0.0, 0.0,
            0.0, 1.49925041e-03, 0.0, 0.0, 0.0, 0.0, 0.0, 0.0, 0.0, 0.0,
            2.99850083e-03, 8.99550226e-03, 7.49625219e-03,
            1.79910045e-02, 1.04947528e-02, 2.99850088e-02,
            2.39880066e-02, 1.04947528e-02, 4.49775113e-03, 0.0, 0.0,
            0.0, 0.0, 0.0, 0.0, 0.0, 0.0, 1.49925041e-03, 0.0, 0.0, 0.0,
            0.0, 0.0, 0.0, 0.0, 0.0, 0.0, 0.0, 0.0, 0.0, 0.0, 0.0, 0.0,
            0.0, 0.0, 0.0, 1.49925041e-03, 0.0, 0.0, 0.0, 0.0, 0.0, 0.0,
            0.0, 0.0, 1.49925041e-03, 0.0, 0.0, 2.99850083e-03,
            1.49925041e-03, 1.49925041e-03, 4.49775113e-03,
            1.49925041e-03, 2.99850083e-03, 7.49625219e-03,
            5.99700166e-03, 8.99550226e-03, 1.19940033e-02,
            1.64917540e-02, 5.39730154e-02, 8.09595212e-02,
            1.01949029e-01, 1.99400306e-01, 3.28335851e-01,
            2.77361333e-01, 1.93403304e-01, 2.14392811e-01,
            3.74812596e-02, 8.99550226e-03, 4.49775113e-03,
            2.99850083e-03, 4.49775113e-03, 0.0, 0.0, 5.99700166e-03,
            4.49775113e-03, 1.49925041e-03, 0.0, 1.49925041e-03,
            1.49925041e-03, 1.49925041e-03, 0.0, 0.0, 0.0, 0.0, 0.0, 0.0,
            0.0, 0.0, 0.0, 0.0, 0.0, 0.0, 2.99850083e-03, 2.99850083e-03,
            0.0, 0.0, 5.99700166e-03, 2.99850083e-03, 4.49775113e-03,
            1.04947528e-02, 2.99850083e-03, 2.99850083e-03,
            8.99550226e-03, 8.99550226e-03, 7.49625219e-03,
            1.04947528e-02, 8.99550226e-03, 2.09895056e-02,
            1.34932538e-02, 1.64917540e-02, 1.04947528e-02,
            1.34932538e-02, 1.64917540e-02, 1.49925044e-02,
            1.94902550e-02, 1.64917540e-02, 1.34932538e-02,
            2.54872572e-02, 2.99850088e-02, 2.84857582e-02,
            4.04797606e-02, 2.39880066e-02, 4.79760133e-02,
            1.94902550e-02, 7.49625219e-03, 2.09895056e-02,
            2.39880066e-02, 7.49625219e-03, 4.49775113e-03,
            5.99700166e-03, 8.99550226e-03, 4.49775113e-03,
            1.49925041e-03, 1.19940033e-02, 2.99850083e-03,
            1.49925041e-03, 2.99850083e-03, 2.99850083e-03, 0.0,
            1.49925041e-03, 1.49925041e-03, 0.0, 1.49925041e-03, 0.0,
            4.49775113e-03, 0.0, 0.0, 0.0, 0.0, 0.0, 0.0, 0.0,
            4.49775113e-03, 4.49775113e-03, 1.04947528e-02,
            5.99700166e-03, 5.99700166e-03, 8.99550226e-03,
            1.19940033e-02, 2.09895056e-02, 2.09895056e-02,
            8.99550226e-03, 3.59820090e-02, 1.94902550e-02,
            2.09895056e-02, 1.79910045e-02, 2.24887561e-02,
            2.84857582e-02, 1.34932538e-02, 7.49625219e-03,
            1.04947528e-02, 1.79910045e-02, 1.79910045e-02,
            2.24887561e-02, 1.79910045e-02, 1.49925044e-02,
            1.64917540e-02, 1.04947528e-02, 1.94902550e-02,
            7.49625219e-03, 2.99850083e-03, 7.49625219e-03,
            5.99700166e-03, 5.99700166e-03, 2.99850083e-03,
            1.49925041e-03, 7.49625219e-03, 2.99850083e-03,
            2.99850083e-03, 4.49775113e-03, 5.99700166e-03, 0.0, 0.0,
            2.99850083e-03, 1.49925041e-03, 1.49925041e-03,
            1.49925041e-03, 1.49925041e-03, 1.49925041e-03,
            5.99700166e-03, 1.49925041e-03, 4.49775113e-03, 0.0,
            2.99850083e-03, 2.99850083e-03, 0.0, 1.49925041e-03, 0.0,
            0.0, 0.0, 0.0, 0.0, 1.34932538e-02, 5.99700166e-03,
            8.99550226e-03, 2.24887561e-02, 1.34932538e-02,
            8.99550226e-03, 2.39880066e-02, 1.49925044e-02,
            3.89805101e-02, 1.79910045e-02, 1.34932538e-02,
            1.94902550e-02, 1.64917540e-02, 8.99550226e-03,
            8.99550226e-03, 1.04947528e-02, 8.99550226e-03,
            1.34932538e-02, 1.94902550e-02, 1.94902550e-02,
            1.34932538e-02, 1.34932538e-02, 1.34932538e-02,
            1.49925044e-02, 8.99550226e-03, 1.04947528e-02,
            7.49625219e-03, 8.99550226e-03, 8.99550226e-03,
            8.99550226e-03, 7.49625219e-03, 2.99850083e-03,
            7.49625219e-03, 7.49625219e-03, 5.99700166e-03,
            4.49775113e-03, 2.99850083e-03, 1.49925041e-03, 0.0,
            2.99850083e-03, 0.0, 1.49925041e-03, 5.99700166e-03,
            1.49925041e-03, 2.99850083e-03, 0.0, 1.49925041e-03,
            2.99850083e-03, 1.49925041e-03, 1.49925041e-03, 0.0, 0.0,
            5.99700166e-03, 0.0, 0.0, 0.0, 0.0, 0.0, 0.0, 2.99850083e-03,
            4.49775113e-03, 1.19940033e-02, 7.49625219e-03,
            1.49925044e-02, 1.04947528e-02, 1.19940033e-02,
            1.04947528e-02, 1.04947528e-02, 1.94902550e-02,
            1.49925044e-02, 1.64917540e-02, 1.64917540e-02,
            1.34932538e-02, 1.94902550e-02, 1.49925044e-02,
            1.94902550e-02, 1.04947528e-02, 2.39880066e-02,
            1.64917540e-02, 3.29835080e-02, 1.49925044e-02,
            1.94902550e-02, 2.99850088e-02, 4.64767627e-02,
            3.59820090e-02, 1.49925044e-02, 1.49925044e-02,
            1.34932538e-02, 5.99700166e-03, 5.99700166e-03,
            1.04947528e-02, 2.99850083e-03, 4.49775113e-03,
            1.49925041e-03, 1.49925041e-03, 0.0, 0.0, 1.49925041e-03,
            1.49925041e-03, 0.0, 0.0, 0.0, 0.0, 0.0, 1.49925041e-03, 0.0,
            0.0, 0.0, 0.0, 1.49925041e-03, 1.49925041e-03, 0.0,
            1.49925041e-03, 0.0, 0.0, 0.0, 0.0, 2.99850083e-03,
            1.49925041e-03, 0.0, 5.99700166e-03, 2.09895056e-02,
            1.64917540e-02, 1.79910045e-02, 2.69865077e-02,
            1.34932538e-02, 1.79910045e-02, 7.49625219e-03,
            1.64917540e-02, 2.39880066e-02, 1.79910045e-02,
            1.64917540e-02, 1.49925044e-02, 1.79910045e-02,
            1.34932538e-02, 1.64917540e-02, 1.19940033e-02,
            1.64917540e-02, 1.64917540e-02, 1.94902550e-02,
            1.04947528e-02, 3.14842574e-02, 2.69865077e-02,
            3.59820090e-02, 1.94902550e-02, 7.49625219e-03,
            8.99550226e-03, 8.99550226e-03, 7.49625219e-03,
            1.49925041e-03, 2.99850083e-03, 2.99850083e-03,
            1.49925041e-03, 0.0, 4.49775113e-03, 0.0, 4.49775113e-03,
            0.0, 0.0, 0.0, 0.0, 0.0, 0.0, 0.0, 0.0, 0.0, 0.0, 0.0, 0.0,
            0.0, 0.0, 0.0, 0.0, 0.0, 0.0, 1.49925041e-03, 1.49925041e-03,
            0.0, 2.99850083e-03, 2.99850083e-03, 2.09895056e-02,
            2.24887561e-02, 2.39880066e-02, 3.44827585e-02,
            2.69865077e-02, 2.54872572e-02, 2.84857582e-02,
            2.09895056e-02, 2.24887561e-02, 1.79910045e-02,
            1.94902550e-02, 1.64917540e-02, 5.99700166e-03,
            8.99550226e-03, 7.49625219e-03, 5.99700166e-03,
            8.99550226e-03, 7.49625219e-03, 1.79910045e-02,
            1.19940033e-02, 1.34932538e-02, 1.94902550e-02,
            3.29835080e-02, 3.44827585e-02, 1.49925044e-02,
            2.54872572e-02, 1.34932538e-02, 1.04947528e-02,
            4.49775113e-03, 1.49925041e-03, 0.0, 0.0, 1.49925041e-03,
            0.0, 1.49925041e-03, 1.49925041e-03, 0.0, 0.0, 0.0, 0.0, 0.0,
            0.0, 0.0, 0.0, 0.0, 1.49925041e-03, 0.0, 0.0, 0.0, 0.0, 0.0,
            0.0, 0.0, 0.0, 1.49925041e-03, 2.99850083e-03,
            4.49775113e-03, 1.49925041e-03, 7.49625219e-03,
            1.19940033e-02, 1.79910045e-02, 2.24887561e-02,
            1.79910045e-02, 1.79910045e-02, 3.14842574e-02,
            2.09895056e-02, 2.39880066e-02, 3.89805101e-02,
