{
    "h": {
        "type_id": "opencv-matrix",
        "rows": 50,
        "cols": 60,
        "dt": "f",
        "data": [ 0.0, 0.0, 0.0, 0.0, 0.0, 0.0, 0.0, 0.0, 0.0, 0.0, 0.0,
            0.0, 0.0, 0.0, 0.0, 0.0, 0.0, 0.0, 0.0, 0.0, 0.0, 0.0, 0.0,
            0.0, 0.0, 0.0, 0.0, 0.0, 0.0, 0.0, 0.0, 0.0, 0.0, 0.0, 0.0,
            0.0, 0.0, 0.0, 0.0, 0.0, 0.0, 0.0, 0.0, 0.0, 0.0, 0.0, 0.0,
            0.0, 0.0, 0.0, 0.0, 0.0, 0.0, 0.0, 0.0, 0.0, 0.0, 0.0, 0.0,
            0.0, 0.0, 0.0, 0.0, 0.0, 0.0, 0.0, 0.0, 0.0, 0.0, 0.0, 0.0,
            0.0, 0.0, 0.0, 0.0, 0.0, 0.0, 0.0, 0.0, 0.0, 0.0, 0.0, 0.0,
            0.0, 0.0, 0.0, 0.0, 0.0, 0.0, 0.0, 0.0, 0.0, 0.0, 0.0, 0.0,
            0.0, 0.0, 0.0, 0.0, 0.0, 0.0, 0.0, 0.0, 0.0, 0.0, 0.0, 0.0,
            0.0, 0.0, 0.0, 0.0, 0.0, 0.0, 0.0, 0.0, 0.0, 0.0, 0.0, 0.0,
            0.0, 0.0, 0.0, 0.0, 0.0, 0.0, 0.0, 0.0, 0.0, 0.0, 0.0, 0.0,
            0.0, 0.0, 0.0, 0.0, 0.0, 0.0, 0.0, 0.0, 0.0, 0.0, 0.0, 0.0,
            0.0, 0.0, 0.0, 0.0, 0.0, 0.0, 0.0, 0.0, 0.0, 0.0, 0.0, 0.0,
            0.0, 0.0, 0.0, 0.0, 0.0, 0.0, 0.0, 0.0, 0.0, 0.0, 0.0, 0.0,
            0.0, 0.0, 0.0, 0.0, 0.0, 0.0, 0.0, 0.0, 0.0, 0.0, 0.0, 0.0,
            0.0, 0.0, 0.0, 0.0, 0.0, 0.0, 0.0, 0.0, 0.0, 0.0, 0.0, 0.0,
            0.0, 0.0, 0.0, 0.0, 0.0, 0.0, 0.0, 0.0, 0.0, 0.0, 0.0, 0.0,
            0.0, 0.0, 0.0, 0.0, 0.0, 0.0, 0.0, 0.0, 0.0, 0.0, 0.0, 0.0,
            0.0, 0.0, 0.0, 0.0, 0.0, 0.0, 0.0, 0.0, 0.0, 0.0, 0.0, 0.0,
            0.0, 0.0, 0.0, 0.0, 0.0, 0.0, 0.0, 0.0, 0.0, 0.0, 0.0, 0.0,
            0.0, 0.0, 0.0, 0.0, 0.0, 0.0, 0.0, 0.0, 0.0, 0.0, 0.0, 0.0,
            0.0, 0.0, 0.0, 0.0, 0.0, 0.0, 0.0, 0.0, 0.0, 0.0, 0.0, 0.0,
            0.0, 0.0, 0.0, 0.0, 0.0, 0.0, 0.0, 0.0, 2.08768272e-03, 0.0,
            0.0, 2.08768272e-03, 0.0, 0.0, 0.0, 0.0, 0.0, 0.0, 0.0, 0.0,
            0.0, 0.0, 0.0, 0.0, 0.0, 0.0, 0.0, 0.0, 0.0, 0.0, 0.0, 0.0,
            0.0, 0.0, 0.0, 0.0, 0.0, 0.0, 0.0, 0.0, 0.0, 0.0, 0.0, 0.0,
            0.0, 2.08768272e-03, 0.0, 0.0, 0.0, 0.0, 0.0, 0.0, 0.0, 0.0,
            0.0, 0.0, 0.0, 2.08768272e-03, 0.0, 0.0, 4.17536544e-03, 0.0,
            0.0, 0.0, 2.08768272e-03, 2.08768272e-03, 4.17536544e-03,
            0.0, 6.26304839e-03, 4.17536544e-03, 0.0, 1.04384134e-02,
            4.17536544e-03, 4.17536544e-03, 2.08768272e-03,
            2.08768272e-03, 4.17536544e-03, 0.0, 0.0, 0.0, 0.0, 0.0, 0.0,
            0.0, 0.0, 0.0, 0.0, 0.0, 0.0, 0.0, 0.0, 0.0, 0.0, 0.0, 0.0,
            0.0, 0.0, 0.0, 0.0, 0.0, 0.0, 0.0, 0.0, 0.0, 0.0, 0.0, 0.0,
            2.08768272e-03, 0.0, 4.17536544e-03, 0.0, 1.04384134e-02,
            6.26304839e-03, 8.35073087e-03, 2.08768272e-03,
            1.04384134e-02, 8.35073087e-03, 6.26304839e-03,
            4.17536544e-03, 0.0, 8.35073087e-03, 4.17536544e-03,
            4.17536544e-03, 6.26304839e-03, 4.17536544e-03,
            1.46137793e-02, 6.26304839e-03, 1.67014617e-02,
            1.04384134e-02, 1.25260968e-02, 6.26304839e-03,
            1.46137793e-02, 4.17536544e-03, 8.35073087e-03,
            4.17536544e-03, 4.17536544e-03, 0.0, 0.0, 0.0, 0.0, 0.0, 0.0,
            0.0, 0.0, 0.0, 0.0, 0.0, 0.0, 0.0, 0.0, 0.0, 0.0, 0.0, 0.0,
            0.0, 0.0, 0.0, 0.0, 0.0, 0.0, 0.0, 4.17536544e-03, 0.0, 0.0,
            0.0, 2.08768272e-03, 2.08768272e-03, 2.08768272e-03,
            1.25260968e-02, 4.17536544e-03, 1.25260968e-02,
            1.67014617e-02, 1.25260968e-02, 1.46137793e-02,
            8.35073087e-03, 1.46137793e-02, 1.04384134e-02,
            1.25260968e-02, 1.25260968e-02, 1.25260968e-02,
            1.46137793e-02, 1.67014617e-02, 1.25260968e-02,
            2.08768267e-02, 1.25260968e-02, 1.04384134e-02,
            6.26304839e-03, 2.08768267e-02, 1.25260968e-02,
            1.25260968e-02, 1.04384134e-02, 6.26304839e-03, 0.0,
            6.26304839e-03, 2.50521936e-02, 2.92275585e-02,
            2.92275585e-02, 7.30688944e-02, 7.51565769e-02,
            3.13152410e-02, 2.08768272e-03, 0.0, 0.0, 0.0, 0.0, 0.0, 0.0,
            0.0, 0.0, 0.0, 0.0, 0.0, 0.0, 0.0, 0.0, 0.0, 0.0, 0.0, 0.0,
            0.0, 0.0, 0.0, 0.0, 0.0, 2.08768272e-03, 2.08768272e-03,
            2.08768272e-03, 2.08768272e-03, 6.26304839e-03,
            1.46137793e-02, 1.04384134e-02, 1.25260968e-02,
            2.92275585e-02, 1.67014617e-02, 1.25260968e-02,
            2.08768267e-02, 2.29645092e-02, 2.08768267e-02,
            3.54906060e-02, 6.88935295e-02, 3.96659710e-02,
            7.30688944e-02, 3.34029235e-02, 5.63674346e-02,
            2.92275585e-02, 4.59290184e-02, 3.34029235e-02,
            2.29645092e-02, 1.87891442e-02, 8.35073087e-03,
            4.17536534e-02, 2.29645092e-02, 2.08768267e-02,
            3.96659710e-02, 7.93319419e-02, 6.88935295e-02,
            8.55949894e-02, 5.21920696e-02, 3.54906060e-02,
            8.35073087e-03, 0.0, 0.0, 0.0, 0.0, 0.0, 0.0, 0.0, 0.0, 0.0,
            0.0, 0.0, 0.0, 0.0, 0.0, 0.0, 0.0, 0.0, 0.0, 0.0, 0.0, 0.0,
            0.0, 0.0, 1.25260968e-02, 0.0, 2.08768272e-03,
            6.26304839e-03, 8.35073087e-03, 1.25260968e-02,
            1.46137793e-02, 3.13152410e-02, 2.29645092e-02,
            4.17536534e-02, 2.29645092e-02, 2.08768267e-02,
            3.96659710e-02, 3.13152410e-02, 3.75782885e-02,
            4.80167009e-02, 6.88935295e-02, 8.14196244e-02,
            1.18997917e-01, 1.23173282e-01, 2.15031326e-01,
            1.69102296e-01, 1.89979121e-01, 2.08768278e-01,
            2.48434246e-01, 1.54488519e-01, 9.81210843e-02,
            5.84551170e-02, 3.96659710e-02, 2.50521936e-02,
            3.75782885e-02, 1.87891442e-02, 2.08768267e-02,
            8.35073087e-03, 1.25260968e-02, 2.08768272e-03, 0.0, 0.0,
            0.0, 0.0, 0.0, 0.0, 0.0, 0.0, 0.0, 0.0, 0.0, 0.0, 0.0, 0.0,
            0.0, 0.0, 0.0, 0.0, 0.0, 0.0, 0.0, 0.0, 0.0, 2.08768272e-03,
            8.35073087e-03, 8.35073087e-03, 0.0, 8.35073087e-03,
            4.17536544e-03, 6.26304839e-03, 1.46137793e-02,
            6.26304839e-03, 1.04384134e-02, 1.67014617e-02,
            1.04384134e-02, 3.34029235e-02, 3.34029235e-02,
            3.13152410e-02, 5.42797521e-02, 7.09812120e-02,
            1.50313154e-01, 1.83716074e-01, 2.81837165e-01,
            4.07098144e-01, 7.30688930e-01, 7.89144039e-01,
            8.95615876e-01, 9.54070985e-01, 1.0, 4.23799604e-01,
            1.75365344e-01, 1.06471822e-01, 1.87891442e-02,
            2.08768272e-03, 0.0, 6.26304839e-03, 0.0, 0.0, 0.0,
            2.08768272e-03, 0.0, 0.0, 0.0, 0.0, 0.0, 0.0, 0.0, 0.0, 0.0,
            0.0, 0.0, 0.0, 0.0, 0.0, 0.0, 0.0, 0.0, 0.0, 0.0, 0.0, 0.0,
            0.0, 0.0, 0.0, 2.08768272e-03, 0.0, 2.08768272e-03,
            2.08768272e-03, 2.08768272e-03, 0.0, 0.0, 2.08768272e-03,
            6.26304839e-03, 1.04384134e-02, 1.46137793e-02,
            2.92275585e-02, 3.34029235e-02, 5.63674346e-02,
            6.47181645e-02, 7.30688944e-02, 8.76826718e-02,
            1.16910234e-01, 1.50313154e-01, 1.96242169e-01,
            2.29645103e-01, 2.00417548e-01, 9.60334018e-02,
            7.51565769e-02, 5.21920696e-02, 2.50521936e-02,
            6.26304839e-03, 8.35073087e-03, 2.08768272e-03, 0.0, 0.0,
            0.0, 0.0, 0.0, 2.08768272e-03, 0.0, 0.0, 2.08768272e-03, 0.0,
            0.0, 0.0, 0.0, 0.0, 0.0, 0.0, 0.0, 0.0, 0.0, 0.0, 0.0, 0.0,
            0.0, 0.0, 0.0, 0.0, 0.0, 0.0, 0.0, 0.0, 0.0, 0.0, 0.0, 0.0,
            2.08768272e-03, 0.0, 0.0, 2.08768272e-03, 2.08768272e-03,
            6.26304839e-03, 2.08768272e-03, 1.25260968e-02,
            1.25260968e-02, 2.92275585e-02, 1.67014617e-02,
            4.38413359e-02, 1.25260968e-02, 5.63674346e-02,
            4.38413359e-02, 4.80167009e-02, 8.14196244e-02,
            8.35073069e-02, 6.88935295e-02, 4.59290184e-02,
            3.13152410e-02, 4.17536534e-02, 1.04384134e-02,
            1.67014617e-02, 1.04384134e-02, 6.26304839e-03,
            2.08768272e-03, 2.08768272e-03, 4.17536544e-03,
            4.17536544e-03, 4.17536544e-03, 2.08768272e-03,
