{
    "h": {
        "type_id": "opencv-matrix",
        "rows": 50,
        "cols": 60,
        "dt": "f",
        "data": [ 0.0, 0.0, 0.0, 0.0, 0.0, 0.0, 0.0, 0.0, 0.0, 0.0, 0.0,
            0.0, 0.0, 0.0, 0.0, 0.0, 0.0, 0.0, 0.0, 0.0, 0.0, 0.0, 0.0,
            0.0, 0.0, 0.0, 0.0, 0.0, 0.0, 0.0, 0.0, 0.0, 0.0, 0.0, 0.0,
            0.0, 0.0, 0.0, 0.0, 0.0, 0.0, 0.0, 0.0, 0.0, 0.0, 0.0, 0.0,
            0.0, 0.0, 0.0, 0.0, 0.0, 0.0, 0.0, 0.0, 0.0, 0.0, 0.0, 0.0,
            0.0, 0.0, 0.0, 0.0, 0.0, 0.0, 0.0, 0.0, 0.0, 0.0, 0.0, 0.0,
            0.0, 0.0, 0.0, 0.0, 0.0, 0.0, 0.0, 0.0, 0.0, 0.0, 0.0, 0.0,
            0.0, 0.0, 0.0, 0.0, 0.0, 0.0, 0.0, 0.0, 0.0, 0.0, 0.0, 0.0,
            0.0, 0.0, 0.0, 0.0, 0.0, 0.0, 0.0, 0.0, 0.0, 0.0, 0.0, 0.0,
            0.0, 0.0, 0.0, 0.0, 0.0, 0.0, 0.0, 0.0, 0.0, 0.0, 0.0, 0.0,
            0.0, 0.0, 0.0, 0.0, 0.0, 0.0, 0.0, 0.0, 0.0, 0.0, 0.0, 0.0,
            0.0, 0.0, 0.0, 0.0, 0.0, 0.0, 0.0, 0.0, 0.0, 0.0, 0.0, 0.0,
            0.0, 0.0, 0.0, 0.0, 0.0, 0.0, 0.0, 0.0, 0.0, 0.0, 0.0, 0.0,
            0.0, 0.0, 0.0, 0.0, 0.0, 0.0, 0.0, 0.0, 0.0, 0.0, 0.0, 0.0,
            0.0, 0.0, 0.0, 0.0, 0.0, 0.0, 0.0, 0.0, 0.0, 0.0, 0.0, 0.0,
            0.0, 0.0, 0.0, 0.0, 0.0, 0.0, 0.0, 0.0, 0.0, 0.0, 0.0, 0.0,
            0.0, 0.0, 0.0, 0.0, 0.0, 0.0, 0.0, 0.0, 0.0, 0.0, 0.0, 0.0,
            0.0, 0.0, 0.0, 3.04878037e-03, 3.04878037e-03,
            3.04878037e-03, 0.0, 0.0, 0.0, 0.0, 0.0, 0.0, 0.0, 0.0, 0.0,
            0.0, 0.0, 0.0, 0.0, 0.0, 0.0, 0.0, 0.0, 0.0, 0.0, 0.0, 0.0,
            0.0, 0.0, 0.0, 0.0, 0.0, 0.0, 0.0, 0.0, 0.0, 0.0, 0.0, 0.0,
            0.0, 0.0, 0.0, 0.0, 0.0, 0.0, 0.0, 0.0, 0.0, 0.0, 0.0, 0.0,
            0.0, 0.0, 0.0, 0.0, 0.0, 0.0, 0.0, 0.0, 0.0, 0.0,
            3.04878037e-03, 3.04878037e-03, 6.09756075e-03, 0.0, 0.0,
            0.0, 0.0, 0.0, 0.0, 0.0, 3.04878037e-03, 0.0, 3.04878037e-03,
            0.0, 0.0, 0.0, 0.0, 0.0, 0.0, 0.0, 0.0, 0.0, 0.0, 0.0, 0.0,
            0.0, 0.0, 0.0, 0.0, 0.0, 0.0, 0.0, 0.0, 0.0, 0.0, 0.0, 0.0,
            0.0, 0.0, 0.0, 0.0, 0.0, 0.0, 0.0, 0.0, 0.0, 0.0, 0.0, 0.0,
            0.0, 0.0, 0.0, 0.0, 0.0, 0.0, 0.0, 3.04878037e-03,
            6.09756075e-03, 6.09756075e-03, 0.0, 0.0, 9.14634112e-03,
            9.14634112e-03, 0.0, 3.04878037e-03, 6.09756075e-03,
            6.09756075e-03, 6.09756075e-03, 1.52439019e-02,
            9.14634112e-03, 9.14634112e-03, 3.04878037e-03,
            9.14634112e-03, 6.09756075e-03, 3.04878037e-03,
            9.14634112e-03, 0.0, 3.04878037e-03, 6.09756075e-03, 0.0,
            3.04878037e-03, 0.0, 0.0, 0.0, 0.0, 0.0, 0.0, 0.0, 0.0, 0.0,
            0.0, 0.0, 0.0, 0.0, 0.0, 0.0, 0.0, 0.0, 0.0, 0.0, 0.0, 0.0,
            0.0, 0.0, 0.0, 0.0, 3.04878037e-03, 0.0, 3.04878037e-03,
            3.04878037e-03, 0.0, 0.0, 0.0, 3.04878037e-03,
            3.04878037e-03, 2.13414617e-02, 3.35365832e-02,
            1.82926822e-02, 6.09756075e-03, 3.04878037e-03,
            1.52439019e-02, 1.21951215e-02, 2.43902430e-02,
            1.82926822e-02, 9.14634112e-03, 3.35365832e-02,
            1.52439019e-02, 2.13414617e-02, 3.35365832e-02,
            3.96341458e-02, 2.74390243e-02, 3.96341458e-02,
            6.09756075e-02, 7.92682916e-02, 5.48780486e-02,
            1.21951215e-02, 2.13414617e-02, 1.82926822e-02,
            3.04878037e-03, 9.14634112e-03, 3.04878037e-03,
            9.14634112e-03, 6.09756075e-03, 3.04878037e-03,
            3.04878037e-03, 3.04878037e-03, 3.04878037e-03,
            3.04878037e-03, 0.0, 0.0, 0.0, 0.0, 0.0, 0.0, 0.0, 0.0, 0.0,
            0.0, 0.0, 0.0, 0.0, 0.0, 0.0, 0.0, 0.0, 0.0, 0.0, 0.0, 0.0,
            3.04878037e-03, 0.0, 3.04878037e-03, 9.14634112e-03,
            1.52439019e-02, 1.82926822e-02, 4.87804860e-02,
            2.74390243e-02, 2.13414617e-02, 9.14634112e-03,
            1.82926822e-02, 2.43902430e-02, 1.52439019e-02,
            1.82926822e-02, 1.52439019e-02, 2.13414617e-02,
            3.04878037e-02, 4.26829234e-02, 5.79268262e-02,
            1.82926822e-02, 2.13414617e-02, 2.74390243e-02,
            1.52439019e-02, 1.52439019e-02, 6.09756075e-03,
            1.52439019e-02, 1.52439019e-02, 2.43902430e-02,
            1.21951215e-02, 6.09756075e-03, 3.04878037e-03,
            3.04878037e-03, 3.04878037e-03, 0.0, 0.0, 0.0, 0.0, 0.0, 0.0,
            0.0, 0.0, 0.0, 0.0, 0.0, 0.0, 0.0, 0.0, 0.0, 0.0, 0.0, 0.0,
            0.0, 3.04878037e-03, 0.0, 0.0, 3.04878037e-03,
            3.04878037e-03, 3.04878037e-03, 3.04878037e-03,
            3.04878037e-03, 3.04878037e-03, 1.52439019e-02,
            2.13414617e-02, 1.82926822e-02, 2.13414617e-02,
            3.35365832e-02, 1.82926822e-02, 2.74390243e-02,
            3.04878037e-02, 5.48780486e-02, 4.87804860e-02,
            4.87804860e-02, 4.57317047e-02, 6.40243888e-02,
            7.31707290e-02, 1.06707312e-01, 1.00609750e-01,
            9.75609720e-02, 4.26829234e-02, 2.74390243e-02,
            3.96341458e-02, 3.04878037e-02, 3.35365832e-02,
            6.70731664e-02, 6.09756075e-02, 7.62195066e-02,
            7.92682916e-02, 9.45121944e-02, 2.43902430e-02,
            3.04878037e-03, 0.0, 0.0, 0.0, 0.0, 0.0, 0.0, 0.0, 0.0, 0.0,
            0.0, 0.0, 0.0, 0.0, 0.0, 0.0, 0.0, 0.0, 0.0, 0.0, 0.0, 0.0,
            0.0, 0.0, 0.0, 3.04878037e-03, 6.09756075e-03, 0.0,
            3.04878037e-03, 9.14634112e-03, 1.52439019e-02,
            1.52439019e-02, 6.09756075e-03, 1.52439019e-02,
            6.09756075e-03, 4.26829234e-02, 3.04878037e-02,
            2.43902430e-02, 5.18292673e-02, 5.18292673e-02,
            1.18902437e-01, 1.15853652e-01, 1.06707312e-01,
            1.55487806e-01, 2.25609750e-01, 3.84146333e-01,
            4.57317054e-01, 4.51219499e-01, 4.57317054e-01,
            2.34756082e-01, 8.53658468e-02, 7.31707290e-02,
            4.87804860e-02, 5.79268262e-02, 4.87804860e-02,
            9.14634112e-03, 2.43902430e-02, 6.09756075e-03, 0.0, 0.0,
            0.0, 0.0, 0.0, 0.0, 0.0, 0.0, 0.0, 0.0, 0.0, 0.0, 0.0, 0.0,
            0.0, 0.0, 0.0, 0.0, 0.0, 0.0, 0.0, 0.0, 0.0, 0.0,
            1.21951215e-02, 0.0, 6.09756075e-03, 0.0, 6.09756075e-03,
            6.09756075e-03, 9.14634112e-03, 1.52439019e-02,
            6.09756075e-03, 6.09756075e-03, 2.13414617e-02,
            9.14634112e-03, 1.21951215e-02, 2.13414617e-02,
            2.74390243e-02, 2.74390243e-02, 4.26829234e-02,
            7.01219514e-02, 2.04268292e-01, 2.25609750e-01,
            4.05487776e-01, 5.85365832e-01, 9.48170722e-01,
            9.14634109e-01, 9.75609720e-01, 8.99390221e-01,
            8.44512165e-01, 2.86585361e-01, 1.40243903e-01,
            8.53658468e-02, 1.52439019e-02, 0.0, 3.04878037e-03,
            3.04878037e-03, 0.0, 0.0, 0.0, 0.0, 0.0, 0.0, 0.0, 0.0, 0.0,
            0.0, 0.0, 0.0, 0.0, 0.0, 0.0, 0.0, 0.0, 0.0, 0.0, 0.0, 0.0,
            0.0, 0.0, 0.0, 0.0, 0.0, 0.0, 0.0, 0.0, 0.0, 0.0, 0.0,
            3.04878037e-03, 1.52439019e-02, 3.04878037e-03,
            6.09756075e-03, 1.52439019e-02, 3.04878037e-03,
            1.21951215e-02, 2.43902430e-02, 4.57317047e-02,
            4.26829234e-02, 6.40243888e-02, 9.14634094e-02,
            2.22560972e-01, 2.37804875e-01, 3.14024389e-01,
            4.11585361e-01, 6.52438998e-01, 3.35365832e-01,
            2.34756082e-01, 1.21951215e-01, 5.48780486e-02,
            1.82926822e-02, 1.52439019e-02, 9.14634112e-03,
            3.04878037e-03, 3.04878037e-03, 0.0, 0.0, 0.0, 0.0, 0.0, 0.0,
            3.04878037e-03, 0.0, 0.0, 0.0, 0.0, 0.0, 0.0, 0.0, 0.0, 0.0,
            0.0, 0.0, 0.0, 0.0, 0.0, 0.0, 0.0, 0.0, 0.0, 0.0, 0.0, 0.0,
            0.0, 0.0, 0.0, 0.0, 0.0, 0.0, 3.04878037e-03, 0.0, 0.0, 0.0,
            6.09756075e-03, 1.21951215e-02, 1.21951215e-02,
            3.96341458e-02, 3.04878037e-02, 3.96341458e-02,
            4.57317047e-02, 3.65853645e-02, 9.75609720e-02,
            7.01219514e-02, 9.45121944e-02, 9.45121944e-02,
            1.18902437e-01, 7.92682916e-02, 3.96341458e-02,
