{
    "h": {
        "type_id": "opencv-matrix",
        "rows": 50,
        "cols": 60,
        "dt": "f",
        "data": [ 2.26006210e-01, 0.0, 0.0, 0.0, 0.0, 0.0,
            1.03199179e-03, 2.06398359e-03, 2.06398359e-03,
            2.06398359e-03, 0.0, 1.03199179e-03, 0.0, 0.0, 0.0,
            1.03199179e-03, 0.0, 0.0, 1.03199179e-03, 0.0, 0.0, 0.0, 0.0,
            0.0, 1.03199179e-03, 0.0, 3.09597538e-03, 0.0,
            1.03199179e-03, 2.06398359e-03, 0.0, 3.09597538e-03,
            1.03199179e-03, 4.12796717e-03, 0.0, 2.06398359e-03,
            1.03199179e-03, 2.06398359e-03, 1.03199179e-03, 0.0, 0.0,
            0.0, 0.0, 0.0, 0.0, 0.0, 0.0, 0.0, 0.0, 0.0, 0.0, 0.0, 0.0,
            0.0, 0.0, 0.0, 0.0, 0.0, 0.0, 0.0, 0.0, 0.0, 1.03199179e-03,
            1.65118687e-02, 2.27038190e-02, 9.28792637e-03,
            1.13519095e-02, 8.25593434e-03, 1.03199179e-03,
            2.06398359e-03, 1.03199179e-03, 1.03199179e-03, 0.0, 0.0,
            0.0, 2.06398359e-03, 1.03199179e-03, 1.03199179e-03,
            1.03199179e-03, 0.0, 2.06398359e-03, 0.0, 1.03199179e-03,
            0.0, 3.09597538e-03, 0.0, 1.03199179e-03, 0.0,
            3.09597538e-03, 3.09597538e-03, 1.03199179e-03, 0.0,
            2.06398359e-03, 1.03199179e-03, 0.0, 1.03199179e-03, 0.0,
            0.0, 0.0, 0.0, 0.0, 0.0, 0.0, 0.0, 0.0, 0.0, 0.0, 0.0, 0.0,
            0.0, 0.0, 0.0, 0.0, 0.0, 0.0, 0.0, 0.0, 0.0, 0.0, 0.0, 0.0,
            0.0, 0.0, 0.0, 0.0, 0.0, 1.03199179e-03, 2.06398359e-03,
            1.03199179e-03, 4.12796717e-03, 0.0, 0.0, 0.0,
            1.03199179e-03, 3.09597538e-03, 5.15995920e-03,
            4.12796717e-03, 0.0, 0.0, 2.06398359e-03, 1.03199179e-03,
            1.03199179e-03, 1.03199179e-03, 0.0, 1.03199179e-03,
            1.03199179e-03, 0.0, 1.03199179e-03, 0.0, 0.0,
            1.03199179e-03, 0.0, 0.0, 0.0, 0.0, 0.0, 0.0, 0.0, 0.0, 0.0,
            0.0, 0.0, 0.0, 0.0, 0.0, 0.0, 0.0, 0.0, 0.0, 0.0, 0.0, 0.0,
            0.0, 0.0, 0.0, 0.0, 0.0, 0.0, 0.0, 0.0, 0.0, 0.0, 0.0,
            3.09597538e-03, 2.37358119e-02, 2.78637782e-02,
            1.75438598e-02, 4.12796736e-02, 1.65118687e-02,
            1.13519095e-02, 1.23839015e-02, 1.96078438e-02,
            9.28792637e-03, 3.09597538e-03, 3.09597538e-03,
            6.19195076e-03, 8.25593434e-03, 4.12796717e-03,
            5.15995920e-03, 1.03199179e-03, 3.09597538e-03,
            2.06398359e-03, 3.09597538e-03, 2.06398359e-03,
            1.03199179e-03, 1.03199179e-03, 1.03199179e-03,
            1.03199179e-03, 1.03199179e-03, 1.03199179e-03,
            1.03199179e-03, 0.0, 0.0, 0.0, 0.0, 2.06398359e-03, 0.0, 0.0,
            0.0, 0.0, 0.0, 0.0, 0.0, 0.0, 0.0, 0.0, 0.0, 0.0, 0.0, 0.0,
            0.0, 0.0, 0.0, 0.0, 0.0, 0.0, 0.0, 0.0, 0.0, 0.0, 0.0, 0.0,
            0.0, 0.0, 0.0, 0.0, 6.19195076e-03, 1.03199184e-02,
            1.44478846e-02, 1.85758527e-02, 1.75438598e-02,
            9.28792637e-03, 6.19195076e-03, 1.03199184e-02,
            7.22394232e-03, 8.25593434e-03, 9.28792637e-03,
            6.19195076e-03, 1.34158935e-02, 1.03199184e-02,
            6.19195076e-03, 7.22394232e-03, 8.25593434e-03,
            6.19195076e-03, 4.12796717e-03, 6.19195076e-03,
            3.09597538e-03, 0.0, 2.06398359e-03, 2.06398359e-03,
            4.12796717e-03, 0.0, 3.09597538e-03, 1.03199179e-03, 0.0,
            2.06398359e-03, 0.0, 2.06398359e-03, 0.0, 0.0, 0.0, 0.0, 0.0,
            1.03199179e-03, 0.0, 0.0, 0.0, 0.0, 0.0, 0.0, 0.0, 0.0, 0.0,
            0.0, 0.0, 0.0, 0.0, 0.0, 0.0, 0.0, 0.0, 1.85758527e-02,
            7.63673931e-02, 1.26934990e-01, 6.81114569e-02,
            6.60474747e-02, 5.57275563e-02, 8.35913345e-02,
            5.05675972e-02, 4.12796736e-02, 3.92156877e-02,
            2.88957693e-02, 3.09597533e-02, 3.71517055e-02,
            3.09597533e-02, 4.12796736e-02, 3.81836966e-02,
            4.23116647e-02, 5.46955653e-02, 7.22394288e-02,
            7.84313753e-02, 8.97832885e-02, 1.30030960e-01,
            1.10423125e-01, 1.34158939e-01, 1.23839013e-01,
            1.42414868e-01, 5.98555245e-02, 5.98555245e-02,
            4.02476788e-02, 5.88235334e-02, 4.12796736e-02,
            4.95356061e-02, 5.77915385e-02, 3.81836966e-02,
            3.71517055e-02, 3.09597533e-02, 3.92156877e-02,
            2.06398368e-02, 1.44478846e-02, 5.15995920e-03,
            1.96078438e-02, 7.22394232e-03, 3.09597538e-03,
            5.15995920e-03, 6.19195076e-03, 4.12796717e-03,
            4.12796717e-03, 4.12796717e-03, 4.12796717e-03,
            1.03199179e-03, 1.03199179e-03, 1.03199179e-03,
            2.06398359e-03, 0.0, 0.0, 0.0, 1.03199179e-03, 0.0,
            3.09597538e-03, 0.0, 0.0, 1.03199179e-03, 1.55830756e-01,
            1.53766781e-01, 1.14551090e-01, 9.18472707e-02,
            8.56553167e-02, 5.15995882e-02, 7.01754391e-02,
            5.46955653e-02, 7.01754391e-02, 4.64396290e-02,
            3.30237374e-02, 4.95356061e-02, 1.07327148e-01,
            5.15995882e-02, 5.36635742e-02, 6.39834926e-02,
            6.39834926e-02, 6.19195066e-02, 4.85036150e-02,
            7.94633701e-02, 6.70794696e-02, 5.98555245e-02,
            5.26315831e-02, 5.88235334e-02, 2.06398368e-02,
            2.27038190e-02, 2.37358119e-02, 2.06398368e-02,
            2.16718279e-02, 1.75438598e-02, 1.96078438e-02,
            2.06398368e-02, 1.44478846e-02, 2.68317871e-02,
            4.12796736e-02, 4.64396290e-02, 3.30237374e-02,
            1.75438598e-02, 6.19195076e-03, 7.22394232e-03,
            9.28792637e-03, 6.19195076e-03, 2.06398359e-03,
            1.03199179e-03, 2.06398359e-03, 3.09597538e-03, 0.0, 0.0,
            1.03199179e-03, 0.0, 0.0, 0.0, 1.03199179e-03, 0.0, 0.0, 0.0,
            1.03199179e-03, 0.0, 0.0, 0.0, 0.0, 1.03199179e-03,
            1.03199179e-03, 5.15995920e-03, 1.65118687e-02,
            2.78637782e-02, 2.78637782e-02, 2.16718279e-02,
            4.54076380e-02, 1.96078438e-02, 1.44478846e-02,
            1.75438598e-02, 3.30237374e-02, 2.57997941e-02,
            1.03199184e-02, 1.13519095e-02, 6.19195076e-03,
            3.09597538e-03, 7.22394232e-03, 8.25593434e-03,
            5.15995920e-03, 3.09597538e-03, 4.12796717e-03,
            3.09597538e-03, 4.12796717e-03, 3.09597538e-03,
            5.15995920e-03, 1.96078438e-02, 1.65118687e-02,
            5.15995920e-03, 1.03199179e-03, 3.09597538e-03,
            1.03199179e-03, 0.0, 0.0, 0.0, 1.03199179e-03,
            4.12796717e-03, 1.03199179e-03, 0.0, 0.0, 1.03199179e-03,
            1.03199179e-03, 1.03199179e-03, 0.0, 1.03199179e-03, 0.0,
            0.0, 0.0, 0.0, 0.0, 0.0, 0.0, 0.0, 1.03199179e-03, 0.0, 0.0,
            0.0, 2.13622302e-01, 1.0, 4.45820451e-01, 8.66873115e-02,
            7.01754391e-02, 9.90712121e-02, 8.15273523e-02,
            5.05675972e-02, 1.65118687e-02, 1.75438598e-02,
            2.88957693e-02, 1.54798767e-02, 1.44478846e-02,
            1.85758527e-02, 1.75438598e-02, 7.22394232e-03,
            1.03199179e-03, 2.06398359e-03, 1.03199179e-03,
            4.12796717e-03, 1.03199179e-03, 1.03199179e-03,
            1.03199179e-03, 0.0, 1.03199179e-03, 0.0, 1.03199179e-03,
            1.03199179e-03, 1.03199179e-03, 0.0, 0.0, 1.03199179e-03,
            0.0, 0.0, 0.0, 0.0, 0.0, 0.0, 0.0, 0.0, 0.0, 0.0, 0.0, 0.0,
            0.0, 0.0, 0.0, 0.0, 0.0, 0.0, 0.0, 0.0, 0.0, 0.0, 0.0, 0.0,
            0.0, 0.0, 0.0, 0.0, 0.0, 0.0, 4.85036150e-02, 1.30030960e-01,
            1.41382873e-01, 9.49432477e-02, 7.94633701e-02,
            3.19917463e-02, 4.02476788e-02, 4.23116647e-02,
            2.47678030e-02, 5.15995920e-03, 1.44478846e-02,
            3.09597538e-03, 6.19195076e-03, 1.03199179e-03,
            3.09597538e-03, 1.03199179e-03, 2.06398359e-03,
            1.03199179e-03, 0.0, 1.03199179e-03, 0.0, 0.0, 0.0,
            1.03199179e-03, 0.0, 0.0, 0.0, 0.0, 0.0, 1.03199179e-03, 0.0,
            0.0, 0.0, 0.0, 0.0, 0.0, 0.0, 1.03199179e-03, 0.0, 0.0, 0.0,
