{
    "h": {
        "type_id": "opencv-matrix",
        "rows": 50,
        "cols": 60,
        "dt": "f",
        "data": [ 0.0, 0.0, 0.0, 4.58505267e-04, 0.0, 0.0, 0.0, 0.0, 0.0,
            0.0, 0.0, 0.0, 0.0, 0.0, 0.0, 0.0, 0.0, 0.0, 0.0, 0.0, 0.0,
            0.0, 0.0, 0.0, 0.0, 0.0, 0.0, 0.0, 0.0, 0.0, 0.0, 0.0, 0.0,
            0.0, 0.0, 0.0, 0.0, 0.0, 0.0, 0.0, 0.0, 0.0, 0.0, 0.0, 0.0,
            0.0, 0.0, 0.0, 0.0, 0.0, 0.0, 0.0, 0.0, 0.0, 0.0, 0.0, 0.0,
            0.0, 0.0, 0.0, 0.0, 0.0, 0.0, 0.0, 0.0, 0.0, 0.0, 0.0, 0.0,
            0.0, 0.0, 0.0, 0.0, 4.58505267e-04, 0.0, 0.0, 0.0, 0.0, 0.0,
            0.0, 0.0, 0.0, 0.0, 0.0, 0.0, 0.0, 0.0, 0.0, 0.0, 0.0, 0.0,
            0.0, 0.0, 0.0, 0.0, 0.0, 0.0, 0.0, 0.0, 0.0, 0.0, 0.0, 0.0,
            0.0, 0.0, 0.0, 0.0, 0.0, 0.0, 0.0, 0.0, 0.0, 0.0, 0.0, 0.0,
            0.0, 0.0, 0.0, 0.0, 0.0, 0.0, 0.0, 0.0, 0.0, 0.0, 0.0, 0.0,
            4.58505267e-04, 0.0, 0.0, 0.0, 0.0, 4.58505267e-04,
            4.58505267e-04, 0.0, 0.0, 4.58505267e-04, 0.0, 0.0, 0.0, 0.0,
            0.0, 0.0, 4.58505267e-04, 0.0, 0.0, 0.0, 0.0, 9.17010533e-04,
            0.0, 4.58505267e-04, 4.58505267e-04, 0.0, 4.58505267e-04,
            4.58505267e-04, 0.0, 0.0, 0.0, 0.0, 0.0, 0.0, 0.0, 0.0, 0.0,
            0.0, 0.0, 0.0, 0.0, 0.0, 0.0, 0.0, 0.0, 0.0, 0.0, 0.0, 0.0,
            0.0, 0.0, 0.0, 0.0, 0.0, 0.0, 0.0, 0.0, 4.58505267e-04, 0.0,
            0.0, 0.0, 0.0, 4.58505267e-04, 9.17010533e-04,
            9.17010533e-04, 4.58505267e-04, 9.17010533e-04,
            2.75103166e-03, 3.66804213e-03, 3.66804213e-03,
            3.20953690e-03, 5.50206332e-03, 2.29252642e-03,
            5.96056832e-03, 2.29252642e-03, 2.29252642e-03,
            4.58505284e-03, 4.12654737e-03, 4.12654737e-03,
            9.62861069e-03, 5.50206332e-03, 5.50206332e-03,
            6.87757879e-03, 1.37551576e-02, 5.96056832e-03,
            1.05456207e-02, 1.69646945e-02, 1.65061895e-02,
            1.55891795e-02, 9.62861069e-03, 8.71159974e-03,
            9.17010568e-03, 4.58505284e-03, 4.12654737e-03,
            1.37551583e-03, 1.83402107e-03, 4.58505267e-04,
            4.58505267e-04, 0.0, 1.37551583e-03, 0.0, 0.0, 0.0, 0.0, 0.0,
            0.0, 0.0, 0.0, 0.0, 0.0, 0.0, 0.0, 0.0, 0.0, 0.0, 0.0, 0.0,
            0.0, 0.0, 0.0, 0.0, 1.37551583e-03, 9.17010533e-04,
            9.17010533e-04, 2.75103166e-03, 2.75103166e-03,
            2.75103166e-03, 4.58505284e-03, 4.58505284e-03,
            6.41907379e-03, 6.41907379e-03, 7.33608427e-03,
            2.75103166e-03, 6.87757879e-03, 7.79458974e-03,
            5.50206332e-03, 5.50206332e-03, 3.20953690e-03,
            4.58505284e-03, 7.33608427e-03, 4.12654737e-03,
            3.20953690e-03, 5.50206332e-03, 4.58505284e-03,
            5.96056832e-03, 2.29252642e-03, 3.66804213e-03,
            4.12654737e-03, 2.75103166e-03, 1.83402107e-03,
            3.20953690e-03, 9.17010533e-04, 9.17010533e-04,
            4.58505267e-04, 9.17010533e-04, 4.58505267e-04,
            4.58505267e-04, 0.0, 0.0, 4.58505267e-04, 0.0,
            4.58505267e-04, 0.0, 0.0, 0.0, 0.0, 0.0, 0.0, 0.0, 0.0, 0.0,
            0.0, 0.0, 0.0, 4.58505267e-04, 0.0, 0.0, 9.17010533e-04, 0.0,
            4.58505267e-04, 4.58505267e-04, 4.58505267e-04,
            9.17010533e-04, 9.17010533e-04, 2.29252642e-03,
            2.29252642e-03, 3.20953690e-03, 5.50206332e-03,
            3.20953690e-03, 3.20953690e-03, 9.17010533e-04,
            2.75103166e-03, 5.04355785e-03, 5.04355785e-03,
            5.96056832e-03, 3.66804213e-03, 2.75103166e-03,
            5.96056832e-03, 2.29252642e-03, 4.58505284e-03,
            2.29252642e-03, 3.66804213e-03, 3.20953690e-03,
            5.50206332e-03, 1.37551583e-03, 4.58505284e-03,
            2.29252642e-03, 1.37551583e-03, 3.66804213e-03,
            1.83402107e-03, 3.20953690e-03, 9.17010533e-04,
            4.58505267e-04, 9.17010533e-04, 4.58505267e-04, 0.0, 0.0,
            4.58505267e-04, 0.0, 0.0, 0.0, 0.0, 0.0, 0.0, 0.0, 0.0, 0.0,
            0.0, 0.0, 0.0, 0.0, 0.0, 0.0, 0.0, 0.0, 4.58505267e-04, 0.0,
            0.0, 0.0, 9.17010533e-04, 4.58505267e-04, 9.17010533e-04,
            9.17010533e-04, 9.17010533e-04, 2.29252642e-03,
            1.37551583e-03, 1.83402107e-03, 1.37551583e-03,
            1.83402107e-03, 1.83402107e-03, 2.75103166e-03,
            1.37551583e-03, 2.75103166e-03, 1.83402107e-03,
            2.29252642e-03, 3.20953690e-03, 2.29252642e-03,
            3.66804213e-03, 6.87757879e-03, 3.20953690e-03,
            5.04355785e-03, 7.79458974e-03, 9.62861069e-03,
            1.42136635e-02, 1.10041266e-02, 1.19211366e-02,
            2.29252633e-02, 3.62219177e-02, 3.94314528e-02,
            4.53920215e-02, 6.60247579e-02, 3.80559377e-02,
            1.87987164e-02, 6.87757879e-03, 1.37551583e-03, 0.0, 0.0,
            0.0, 0.0, 0.0, 0.0, 0.0, 0.0, 0.0, 0.0, 0.0, 0.0, 0.0, 0.0,
            0.0, 0.0, 0.0, 0.0, 0.0, 0.0, 0.0, 0.0, 4.58505267e-04, 0.0,
            4.58505267e-04, 4.58505267e-04, 4.58505267e-04,
            4.58505267e-04, 9.17010533e-04, 4.58505267e-04,
            1.37551583e-03, 1.37551583e-03, 1.83402107e-03,
            1.83402107e-03, 9.17010533e-04, 2.29252642e-03,
            3.66804213e-03, 1.37551583e-03, 9.17010533e-04,
            1.83402107e-03, 6.87757879e-03, 4.12654737e-03,
            7.79458974e-03, 4.58505284e-03, 5.96056832e-03,
            5.50206332e-03, 3.20953690e-03, 5.04355785e-03,
            9.62861069e-03, 5.04355785e-03, 2.29252642e-03,
            3.66804213e-03, 2.75103166e-03, 4.12654737e-03,
            2.75103166e-03, 1.83402107e-03, 0.0, 0.0, 4.58505267e-04,
            0.0, 0.0, 0.0, 0.0, 0.0, 0.0, 0.0, 0.0, 0.0, 0.0, 0.0, 0.0,
            0.0, 0.0, 0.0, 0.0, 0.0, 0.0, 0.0, 0.0, 0.0, 4.58505267e-04,
            4.58505267e-04, 0.0, 0.0, 2.29252642e-03, 1.83402107e-03,
            3.20953690e-03, 0.0, 9.17010533e-04, 2.75103166e-03,
            2.75103166e-03, 9.17010533e-04, 1.37551583e-03,
            1.83402107e-03, 2.29252642e-03, 9.17010533e-04,
            4.12654737e-03, 3.20953690e-03, 3.66804213e-03,
            3.66804213e-03, 3.20953690e-03, 1.83402107e-03,
            2.29252642e-03, 2.75103166e-03, 2.75103166e-03, 0.0,
            2.75103166e-03, 4.58505267e-04, 0.0, 0.0, 0.0, 0.0,
            4.58505267e-04, 0.0, 0.0, 0.0, 0.0, 4.58505267e-04, 0.0, 0.0,
            0.0, 0.0, 0.0, 0.0, 0.0, 0.0, 0.0, 0.0, 0.0, 0.0, 0.0, 0.0,
            0.0, 0.0, 0.0, 0.0, 0.0, 0.0, 0.0, 0.0, 0.0, 0.0,
            4.58505267e-04, 0.0, 2.29252642e-03, 4.58505267e-04,
            1.37551583e-03, 9.17010533e-04, 9.17010533e-04,
            1.37551583e-03, 1.37551583e-03, 0.0, 4.58505267e-04,
            1.83402107e-03, 1.37551583e-03, 4.58505267e-04,
            1.37551583e-03, 2.29252642e-03, 2.29252642e-03, 0.0,
            3.20953690e-03, 0.0, 0.0, 0.0, 0.0, 4.58505267e-04, 0.0, 0.0,
            0.0, 0.0, 0.0, 4.58505267e-04, 0.0, 0.0, 0.0, 0.0, 0.0, 0.0,
            0.0, 0.0, 0.0, 0.0, 0.0, 0.0, 0.0, 0.0, 0.0, 0.0, 0.0, 0.0,
            0.0, 0.0, 0.0, 0.0, 0.0, 0.0, 0.0, 0.0, 0.0, 0.0, 0.0,
            1.37551583e-03, 9.17010533e-04, 1.37551583e-03,
            4.58505267e-04, 9.17010533e-04, 4.58505267e-04,
            9.17010533e-04, 9.17010533e-04, 1.37551583e-03,
            4.58505267e-04, 3.20953690e-03, 0.0, 2.75103166e-03,
            2.75103166e-03, 3.66804213e-03, 3.20953690e-03,
            9.17010533e-04, 4.58505267e-04, 0.0, 0.0, 0.0,
            4.58505267e-04, 0.0, 0.0, 0.0, 0.0, 0.0, 0.0, 0.0, 0.0, 0.0,
            0.0, 0.0, 0.0, 0.0, 0.0, 0.0, 0.0, 0.0, 0.0, 0.0, 0.0, 0.0,
            0.0, 0.0, 0.0, 0.0, 0.0, 0.0, 0.0, 0.0, 0.0, 0.0, 0.0, 0.0,
            0.0, 0.0, 0.0, 0.0, 0.0, 4.58505267e-04, 9.17010533e-04,
            4.58505267e-04, 9.17010533e-04, 4.58505267e-04,
            9.17010533e-04, 4.58505267e-04, 9.17010533e-04,
            9.17010533e-04, 4.58505267e-04, 4.58505267e-04,
            9.17010533e-04, 3.20953690e-03, 9.17010533e-04,
