{
    "h": {
        "type_id": "opencv-matrix",
        "rows": 50,
        "cols": 60,
        "dt": "f",
        "data": [ 1.38312590e-03, 0.0, 0.0, 0.0, 0.0, 0.0,
            1.38312590e-03, 1.38312590e-03, 1.38312590e-03,
            4.14937781e-03, 0.0, 0.0, 1.38312590e-03, 2.76625180e-03,
            0.0, 0.0, 0.0, 0.0, 1.38312590e-03, 0.0, 0.0, 0.0, 0.0, 0.0,
            0.0, 0.0, 0.0, 0.0, 0.0, 0.0, 0.0, 0.0, 1.38312590e-03, 0.0,
            0.0, 0.0, 0.0, 0.0, 0.0, 0.0, 0.0, 0.0, 0.0, 0.0, 0.0, 0.0,
            0.0, 0.0, 0.0, 0.0, 0.0, 0.0, 0.0, 0.0, 0.0, 0.0, 0.0, 0.0,
            0.0, 2.76625180e-03, 0.0, 2.76625180e-03, 0.0, 0.0, 0.0, 0.0,
            0.0, 1.38312590e-03, 0.0, 0.0, 0.0, 0.0, 4.14937781e-03,
            1.38312590e-03, 0.0, 1.38312590e-03, 1.38312590e-03,
            1.38312590e-03, 0.0, 2.76625180e-03, 1.38312590e-03, 0.0,
            0.0, 0.0, 1.38312590e-03, 0.0, 0.0, 0.0, 0.0, 0.0, 0.0, 0.0,
            0.0, 0.0, 0.0, 0.0, 0.0, 0.0, 0.0, 0.0, 0.0, 0.0, 0.0,
            1.38312590e-03, 0.0, 0.0, 0.0, 0.0, 0.0, 0.0, 0.0, 0.0, 0.0,
            0.0, 0.0, 0.0, 0.0, 0.0, 0.0, 2.76625180e-03, 0.0, 0.0, 0.0,
            0.0, 0.0, 0.0, 0.0, 2.76625180e-03, 0.0, 4.14937781e-03,
            2.76625180e-03, 4.14937781e-03, 1.38312590e-03,
            2.76625180e-03, 2.76625180e-03, 2.76625180e-03, 0.0, 0.0,
            2.76625180e-03, 1.38312590e-03, 2.76625180e-03, 0.0,
            2.76625180e-03, 1.38312590e-03, 0.0, 0.0, 1.38312590e-03,
            1.38312590e-03, 1.38312590e-03, 4.14937781e-03,
            5.53250359e-03, 1.24481330e-02, 2.76625180e-03,
            9.68188141e-03, 2.76625180e-03, 2.76625180e-03, 0.0,
            1.38312590e-03, 4.14937781e-03, 0.0, 0.0, 0.0,
            1.38312590e-03, 1.38312590e-03, 0.0, 0.0, 0.0, 0.0, 0.0, 0.0,
            0.0, 0.0, 0.0, 0.0, 0.0, 0.0, 0.0, 0.0, 0.0, 4.14937781e-03,
            0.0, 0.0, 6.91562938e-03, 4.14937781e-03, 0.0,
            4.14937781e-03, 0.0, 2.76625180e-03, 5.53250359e-03,
            4.14937781e-03, 4.14937781e-03, 1.93637628e-02,
            4.14937781e-03, 5.53250359e-03, 1.65975112e-02,
            1.10650072e-02, 8.29875562e-03, 4.14937781e-03,
            5.53250359e-03, 5.53250359e-03, 6.91562938e-03,
            6.91562938e-03, 2.76625180e-03, 1.24481330e-02,
            1.65975112e-02, 9.68188141e-03, 3.04287691e-02,
            2.07468886e-02, 1.38312588e-02, 1.93637628e-02,
            2.76625175e-02, 3.73443998e-02, 2.90456433e-02,
            3.87275256e-02, 2.21300144e-02, 1.38312588e-02,
            9.68188141e-03, 8.29875562e-03, 5.53250359e-03,
            4.14937781e-03, 0.0, 1.38312590e-03, 5.53250359e-03,
            1.38312590e-03, 2.76625180e-03, 4.14937781e-03, 0.0, 0.0,
            0.0, 0.0, 0.0, 0.0, 2.76625180e-03, 0.0, 1.38312590e-03, 0.0,
            0.0, 0.0, 0.0, 5.53250359e-03, 0.0, 0.0, 0.0, 2.76625180e-03,
            1.38312590e-03, 1.38312590e-03, 4.14937781e-03,
            1.10650072e-02, 6.91562938e-03, 1.79806370e-02,
            1.38312588e-02, 2.76625175e-02, 2.21300144e-02,
            1.24481330e-02, 2.90456433e-02, 8.02213028e-02,
            7.74550512e-02, 4.84094061e-02, 6.77731708e-02,
            4.42600287e-02, 3.73443998e-02, 5.94744124e-02,
            8.57538059e-02, 6.22406639e-02, 4.28769030e-02,
            4.70262803e-02, 4.70262803e-02, 3.73443998e-02,
            3.87275256e-02, 4.70262803e-02, 4.70262803e-02,
            3.31950225e-02, 3.31950225e-02, 4.42600287e-02,
            2.90456433e-02, 3.45781483e-02, 3.04287691e-02,
            2.07468886e-02, 9.68188141e-03, 8.29875562e-03,
            8.29875562e-03, 2.76625180e-03, 8.29875562e-03,
            8.29875562e-03, 4.14937781e-03, 4.14937781e-03,
            2.76625180e-03, 4.14937781e-03, 1.38312590e-03,
            1.38312590e-03, 0.0, 1.38312590e-03, 0.0, 1.38312590e-03,
            1.38312590e-03, 2.76625180e-03, 1.38312590e-03, 0.0,
            4.14937781e-03, 1.10650072e-02, 4.14937781e-03, 0.0,
            1.38312590e-03, 5.53250359e-03, 5.53250359e-03,
            1.10650072e-02, 2.21300144e-02, 2.90456433e-02,
            2.76625175e-02, 3.31950225e-02, 6.22406639e-02,
            9.40525606e-02, 1.50760725e-01, 2.51728922e-01,
            4.59197789e-01, 8.46473038e-01, 1.0, 8.58921170e-01,
            7.12309837e-01, 3.77593368e-01, 2.43430153e-01,
            1.60442606e-01, 1.92254499e-01, 1.35546342e-01,
            1.06500693e-01, 1.31396964e-01, 1.39695719e-01,
            1.23098202e-01, 1.59059480e-01, 1.78423241e-01,
            1.49377599e-01, 8.85200575e-02, 5.94744124e-02,
            7.05394223e-02, 5.11756577e-02, 4.14937772e-02,
            4.70262803e-02, 3.87275256e-02, 2.90456433e-02,
            1.38312588e-02, 8.29875562e-03, 1.10650072e-02,
            6.91562938e-03, 4.14937781e-03, 0.0, 8.29875562e-03,
            2.76625180e-03, 1.38312590e-03, 1.38312590e-03,
            4.14937781e-03, 1.38312590e-03, 0.0, 2.76625180e-03,
            1.38312590e-03, 0.0, 1.38312590e-03, 2.76625180e-03, 0.0,
            0.0, 0.0, 0.0, 2.76625180e-03, 2.76625180e-03,
            4.14937781e-03, 1.10650072e-02, 8.29875562e-03,
            1.38312588e-02, 4.28769030e-02, 5.80912866e-02,
            8.29875544e-02, 1.16182573e-01, 2.58644551e-01,
            2.89073318e-01, 2.62793928e-01, 2.40663901e-01,
            4.70262796e-01, 3.29183966e-01, 3.12586457e-01,
            4.14937764e-01, 2.14384511e-01, 2.03319505e-01,
            1.83955744e-01, 1.64591983e-01, 8.16044286e-02,
            5.67081608e-02, 5.11756577e-02, 4.70262803e-02,
            2.76625175e-02, 2.76625175e-02, 2.48962659e-02,
            2.35131402e-02, 3.59612741e-02, 1.79806370e-02,
            3.04287691e-02, 6.91562938e-03, 8.29875562e-03,
            6.91562938e-03, 1.52143845e-02, 1.10650072e-02,
            4.14937781e-03, 6.91562938e-03, 1.38312590e-03,
            4.14937781e-03, 1.38312590e-03, 1.38312590e-03,
            1.38312590e-03, 0.0, 0.0, 1.38312590e-03, 0.0, 0.0,
            1.38312590e-03, 0.0, 0.0, 0.0, 1.38312590e-03,
            1.38312590e-03, 0.0, 0.0, 0.0, 0.0, 0.0, 0.0, 1.38312590e-03,
            5.53250359e-03, 1.52143845e-02, 1.79806370e-02,
            2.90456433e-02, 2.48962659e-02, 4.42600287e-02,
            7.05394223e-02, 1.06500693e-01, 7.05394223e-02,
            4.01106514e-02, 4.70262803e-02, 2.76625175e-02,
            3.87275256e-02, 3.18118967e-02, 1.09266944e-01,
            1.93637628e-02, 3.59612741e-02, 2.07468886e-02,
            1.93637628e-02, 1.79806370e-02, 1.79806370e-02,
            9.68188141e-03, 2.48962659e-02, 4.14937781e-03,
            1.38312588e-02, 1.65975112e-02, 1.52143845e-02,
            1.24481330e-02, 1.10650072e-02, 1.24481330e-02,
            6.91562938e-03, 5.53250359e-03, 1.38312590e-03,
            2.76625180e-03, 0.0, 0.0, 0.0, 0.0, 0.0, 0.0, 1.38312590e-03,
            0.0, 0.0, 0.0, 0.0, 0.0, 0.0, 0.0, 0.0, 0.0, 0.0, 0.0, 0.0,
            0.0, 0.0, 0.0, 1.38312590e-03, 0.0, 8.29875562e-03,
            6.91562938e-03, 6.91562938e-03, 9.68188141e-03,
            2.62793917e-02, 1.52143845e-02, 1.10650072e-02,
            4.14937781e-03, 4.14937781e-03, 1.38312590e-03,
            5.53250359e-03, 1.38312590e-03, 5.53250359e-03,
            8.29875562e-03, 0.0, 1.52143845e-02, 1.10650072e-02,
            9.68188141e-03, 6.91562938e-03, 6.91562938e-03,
            9.68188141e-03, 8.29875562e-03, 2.76625180e-03,
            1.38312590e-03, 2.76625180e-03, 1.38312590e-03,
            1.38312590e-03, 4.14937781e-03, 1.38312590e-03,
            1.38312590e-03, 0.0, 0.0, 0.0, 0.0, 0.0, 0.0, 0.0, 0.0, 0.0,
            0.0, 0.0, 0.0, 0.0, 0.0, 0.0, 0.0, 0.0, 0.0, 0.0, 0.0, 0.0,
            0.0, 0.0, 0.0, 0.0, 0.0, 0.0, 0.0, 0.0, 2.76625180e-03,
            5.53250359e-03, 6.91562938e-03, 6.91562938e-03,
            9.68188141e-03, 2.35131402e-02, 1.10650072e-02,
            1.38312590e-03, 5.53250359e-03, 5.53250359e-03,
            1.38312590e-03, 5.53250359e-03, 2.76625180e-03,
