{
    "h": {
        "type_id": "opencv-matrix",
        "rows": 50,
        "cols": 60,
        "dt": "f",
        "data": [ 0.0, 0.0, 0.0, 0.0, 0.0, 0.0, 0.0, 0.0, 0.0, 0.0, 0.0,
            0.0, 0.0, 0.0, 0.0, 0.0, 0.0, 0.0, 0.0, 0.0, 0.0, 0.0, 0.0,
            0.0, 0.0, 0.0, 0.0, 0.0, 0.0, 0.0, 0.0, 0.0, 0.0, 0.0, 0.0,
            0.0, 0.0, 0.0, 0.0, 0.0, 0.0, 0.0, 0.0, 0.0, 0.0, 0.0, 0.0,
            0.0, 0.0, 0.0, 0.0, 0.0, 0.0, 0.0, 0.0, 0.0, 0.0, 0.0, 0.0,
            0.0, 0.0, 0.0, 2.62467191e-03, 2.62467191e-03, 0.0, 0.0, 0.0,
            0.0, 0.0, 2.62467191e-03, 0.0, 0.0, 5.24934381e-03, 0.0, 0.0,
            0.0, 0.0, 0.0, 0.0, 0.0, 0.0, 0.0, 0.0, 0.0, 0.0, 0.0, 0.0,
            0.0, 0.0, 0.0, 0.0, 0.0, 0.0, 0.0, 0.0, 0.0, 0.0, 0.0, 0.0,
            0.0, 0.0, 0.0, 0.0, 0.0, 0.0, 0.0, 0.0, 0.0, 0.0, 0.0, 0.0,
            0.0, 0.0, 0.0, 0.0, 0.0, 0.0, 0.0, 0.0, 0.0, 0.0, 0.0, 0.0,
            5.24934381e-03, 2.62467191e-03, 2.62467191e-03, 0.0, 0.0,
            0.0, 0.0, 0.0, 0.0, 5.24934381e-03, 0.0, 2.62467191e-03, 0.0,
            0.0, 0.0, 0.0, 0.0, 0.0, 2.62467191e-03, 2.62467191e-03, 0.0,
            0.0, 0.0, 5.24934381e-03, 0.0, 0.0, 2.62467191e-03, 0.0, 0.0,
            0.0, 2.62467191e-03, 0.0, 0.0, 2.62467191e-03, 0.0, 0.0, 0.0,
            0.0, 0.0, 0.0, 0.0, 0.0, 0.0, 0.0, 0.0, 0.0, 0.0, 0.0, 0.0,
            0.0, 0.0, 0.0, 0.0, 0.0, 0.0, 0.0, 0.0, 0.0, 0.0,
            5.24934381e-03, 2.62467191e-03, 1.04986876e-02,
            1.83727033e-02, 7.87401572e-03, 2.62467191e-03,
            2.62467191e-03, 2.62467191e-03, 2.62467191e-03,
            5.24934381e-03, 2.62467191e-03, 2.62467191e-03,
            2.62467191e-03, 0.0, 2.62467191e-03, 0.0, 2.62467191e-03,
            0.0, 2.62467191e-03, 2.62467191e-03, 0.0, 5.24934381e-03,
            0.0, 2.62467191e-03, 0.0, 0.0, 2.62467191e-03,
            2.62467191e-03, 5.24934381e-03, 1.04986876e-02,
            2.62467191e-03, 2.62467191e-03, 0.0, 7.87401572e-03,
            7.87401572e-03, 2.62467191e-03, 0.0, 0.0, 0.0, 0.0, 0.0,
            2.62467191e-03, 0.0, 0.0, 0.0, 0.0, 0.0, 0.0, 0.0, 0.0, 0.0,
            0.0, 0.0, 0.0, 0.0, 0.0, 0.0, 2.62467191e-03, 0.0, 0.0, 0.0,
            1.04986876e-02, 1.57480314e-02, 2.62467191e-02,
            1.04986876e-02, 1.83727033e-02, 2.62467191e-03,
            2.62467191e-03, 5.24934381e-03, 5.24934381e-03,
            5.24934381e-03, 5.24934381e-03, 0.0, 7.87401572e-03,
            5.24934381e-03, 5.24934381e-03, 2.62467191e-03,
            2.62467191e-03, 0.0, 2.62467191e-03, 0.0, 0.0,
            2.62467191e-03, 2.62467191e-03, 1.57480314e-02,
            2.36220472e-02, 2.36220472e-02, 5.24934381e-02,
            6.29921257e-02, 4.46194224e-02, 2.88713910e-02,
            5.77427819e-02, 3.93700786e-02, 1.57480314e-02,
            1.04986876e-02, 2.36220472e-02, 1.57480314e-02,
            1.57480314e-02, 5.24934381e-03, 1.83727033e-02,
            5.24934381e-03, 0.0, 2.62467191e-03, 2.62467191e-03, 0.0,
            0.0, 0.0, 0.0, 0.0, 0.0, 0.0, 2.62467191e-03, 0.0, 0.0, 0.0,
            0.0, 0.0, 0.0, 0.0, 0.0, 1.31233595e-02, 1.83727033e-02,
            1.83727033e-02, 3.14960629e-02, 1.83727033e-02,
            3.41207348e-02, 7.87401572e-03, 7.87401572e-03,
            1.31233595e-02, 2.36220472e-02, 2.62467191e-03,
            5.24934381e-03, 1.04986876e-02, 7.87401572e-03,
            5.24934381e-03, 7.87401572e-03, 1.04986876e-02,
            2.09973752e-02, 1.31233595e-02, 1.31233595e-02,
            3.67454067e-02, 1.31233595e-02, 3.67454067e-02,
            2.88713910e-02, 4.46194224e-02, 7.87401572e-02,
            1.02362201e-01, 1.28608927e-01, 2.02099741e-01,
            2.41469815e-01, 2.12598428e-01, 3.22834641e-01,
            2.12598428e-01, 1.44356951e-01, 7.61154890e-02,
            7.34908134e-02, 7.34908134e-02, 3.41207348e-02,
            1.57480314e-02, 3.41207348e-02, 1.31233595e-02,
            5.24934381e-03, 1.04986876e-02, 5.24934381e-03,
            5.24934381e-03, 0.0, 5.24934381e-03, 0.0, 0.0,
            2.62467191e-03, 2.62467191e-03, 0.0, 0.0, 0.0, 0.0, 0.0, 0.0,
            2.62467191e-03, 0.0, 7.87401572e-03, 0.0, 2.62467191e-02,
            3.67454067e-02, 2.36220472e-02, 1.83727033e-02,
            3.14960629e-02, 2.09973752e-02, 1.57480314e-02,
            2.88713910e-02, 1.83727033e-02, 2.09973752e-02,
            1.83727033e-02, 2.09973752e-02, 3.14960629e-02,
            2.62467191e-02, 6.03674538e-02, 6.56168014e-02,
            4.72440943e-02, 3.41207348e-02, 5.24934381e-02,
            6.29921257e-02, 7.34908134e-02, 7.08661377e-02,
            7.34908134e-02, 7.87401572e-02, 7.34908134e-02,
            8.92388448e-02, 8.13648254e-02, 1.12860888e-01,
            8.39895010e-02, 7.34908134e-02, 8.13648254e-02,
            6.03674538e-02, 4.19947505e-02, 3.67454067e-02,
            4.19947505e-02, 3.67454067e-02, 1.57480314e-02,
            3.93700786e-02, 1.31233595e-02, 2.62467191e-03,
            5.24934381e-03, 2.62467191e-03, 5.24934381e-03,
            5.24934381e-03, 2.62467191e-03, 0.0, 2.62467191e-03, 0.0,
            0.0, 0.0, 2.62467191e-03, 2.62467191e-03, 0.0, 0.0, 0.0, 0.0,
            0.0, 0.0, 0.0, 0.0, 2.62467191e-03, 1.83727033e-02,
            4.19947505e-02, 4.46194224e-02, 3.93700786e-02,
            1.57480314e-02, 1.83727033e-02, 5.24934381e-03,
            7.87401572e-03, 1.31233595e-02, 1.31233595e-02,
            7.87401572e-03, 1.57480314e-02, 1.04986876e-02,
            2.88713910e-02, 4.98687662e-02, 6.56168014e-02,
            5.24934381e-02, 3.67454067e-02, 7.61154890e-02,
            7.34908134e-02, 5.51181100e-02, 5.77427819e-02,
            5.77427819e-02, 4.98687662e-02, 6.82414696e-02,
            5.77427819e-02, 7.08661377e-02, 3.67454067e-02,
            2.36220472e-02, 2.36220472e-02, 1.57480314e-02,
            2.36220472e-02, 5.24934381e-03, 2.36220472e-02,
            2.09973752e-02, 2.88713910e-02, 2.09973752e-02,
            7.87401572e-03, 7.87401572e-03, 2.62467191e-03, 0.0, 0.0,
            0.0, 2.62467191e-03, 0.0, 0.0, 0.0, 0.0, 0.0, 0.0, 0.0, 0.0,
            0.0, 0.0, 0.0, 0.0, 0.0, 0.0, 1.57480314e-02, 7.87401572e-03,
            1.57480314e-02, 1.57480314e-02, 2.62467191e-02,
            3.67454067e-02, 1.83727033e-02, 1.83727033e-02,
            7.87401572e-03, 1.83727033e-02, 1.57480314e-02,
            1.31233595e-02, 2.62467191e-03, 7.87401572e-03,
            1.04986876e-02, 1.04986876e-02, 2.36220472e-02,
            3.41207348e-02, 2.36220472e-02, 4.19947505e-02,
            3.93700786e-02, 4.72440943e-02, 3.93700786e-02,
            6.03674538e-02, 8.39895010e-02, 8.66141766e-02,
            6.03674538e-02, 6.03674538e-02, 7.08661377e-02,
            6.03674538e-02, 2.09973752e-02, 3.93700786e-02,
            4.46194224e-02, 5.24934381e-02, 2.36220472e-02,
            1.04986876e-02, 2.36220472e-02, 6.82414696e-02,
            5.24934381e-02, 4.46194224e-02, 0.0, 0.0, 0.0, 0.0, 0.0, 0.0,
            0.0, 0.0, 0.0, 0.0, 0.0, 0.0, 2.62467191e-03, 0.0, 0.0, 0.0,
            0.0, 0.0, 0.0, 0.0, 2.62467191e-03, 1.57480314e-02,
            1.04986876e-02, 1.57480314e-02, 3.93700786e-02,
            5.77427819e-02, 4.19947505e-02, 3.14960629e-02,
            1.57480314e-02, 3.93700786e-02, 2.62467191e-02,
            1.83727033e-02, 1.57480314e-02, 5.24934381e-03,
            1.83727033e-02, 1.31233595e-02, 5.24934381e-03,
            2.62467191e-02, 3.14960629e-02, 3.14960629e-02,
            5.77427819e-02, 6.56168014e-02, 5.24934381e-02,
            1.25984251e-01, 2.09973752e-01, 2.25721776e-01,
            3.35958004e-01, 2.99212605e-01, 3.09711277e-01,
            1.81102365e-01, 1.44356951e-01, 8.66141766e-02,
            5.51181100e-02, 5.51181100e-02, 7.34908134e-02,
            2.62467191e-03, 2.62467191e-03, 2.62467191e-03, 0.0, 0.0,
            0.0, 0.0, 0.0, 5.24934381e-03, 0.0, 0.0, 0.0, 0.0,
            2.62467191e-03, 0.0, 0.0, 0.0, 0.0, 0.0, 0.0, 0.0, 0.0,
            2.62467191e-03, 0.0, 0.0, 0.0, 5.24934381e-03,
