{
    "h": {
        "type_id": "opencv-matrix",
        "rows": 50,
        "cols": 60,
        "dt": "f",
        "data": [ 0.0, 0.0, 0.0, 0.0, 0.0, 0.0, 0.0, 0.0, 0.0, 0.0, 0.0,
            0.0, 0.0, 0.0, 0.0, 0.0, 0.0, 0.0, 0.0, 0.0, 0.0, 0.0, 0.0,
            0.0, 0.0, 0.0, 0.0, 0.0, 0.0, 0.0, 0.0, 0.0, 0.0, 0.0, 0.0,
            0.0, 0.0, 0.0, 0.0, 0.0, 0.0, 0.0, 0.0, 0.0, 0.0, 0.0, 0.0,
            0.0, 0.0, 0.0, 0.0, 0.0, 0.0, 0.0, 0.0, 0.0, 0.0, 0.0, 0.0,
            0.0, 0.0, 0.0, 0.0, 0.0, 0.0, 0.0, 0.0, 0.0, 0.0, 0.0, 0.0,
            0.0, 0.0, 0.0, 0.0, 0.0, 0.0, 0.0, 0.0, 0.0, 0.0, 0.0, 0.0,
            0.0, 0.0, 0.0, 0.0, 0.0, 0.0, 0.0, 0.0, 0.0, 0.0, 0.0, 0.0,
            0.0, 0.0, 0.0, 0.0, 0.0, 0.0, 0.0, 0.0, 0.0, 0.0, 0.0, 0.0,
            0.0, 0.0, 0.0, 0.0, 0.0, 0.0, 0.0, 0.0, 0.0, 0.0, 0.0, 0.0,
            0.0, 0.0, 0.0, 0.0, 0.0, 0.0, 0.0, 0.0, 0.0, 0.0, 0.0, 0.0,
            0.0, 0.0, 0.0, 0.0, 0.0, 0.0, 0.0, 2.41196336e-04, 0.0, 0.0,
            0.0, 0.0, 0.0, 0.0, 0.0, 2.41196336e-04, 2.41196336e-04, 0.0,
            2.41196336e-04, 0.0, 0.0, 0.0, 0.0, 0.0, 0.0, 2.41196336e-04,
            0.0, 2.41196336e-04, 0.0, 0.0, 2.41196336e-04, 0.0, 0.0, 0.0,
            0.0, 0.0, 0.0, 0.0, 0.0, 0.0, 0.0, 0.0, 0.0, 0.0, 0.0, 0.0,
            0.0, 0.0, 0.0, 0.0, 0.0, 0.0, 0.0, 0.0, 0.0, 0.0, 0.0, 0.0,
            0.0, 9.64785344e-04, 2.41196336e-04, 7.23588979e-04,
            7.23588979e-04, 7.23588979e-04, 1.44717796e-03,
            1.44717796e-03, 9.64785344e-04, 3.13555240e-03,
            2.41196342e-03, 1.44717796e-03, 7.23588979e-04,
            2.41196342e-03, 1.68837432e-03, 2.17076694e-03,
            3.61794513e-03, 3.61794513e-03, 1.92957069e-03,
            3.85914138e-03, 3.13555240e-03, 5.54751558e-03,
            5.30631933e-03, 6.99469354e-03, 7.47708650e-03,
            6.02990855e-03, 5.54751558e-03, 3.85914138e-03,
            6.99469354e-03, 2.65315967e-03, 2.89435592e-03,
            2.65315967e-03, 1.68837432e-03, 2.41196336e-04, 0.0,
            7.23588979e-04, 0.0, 0.0, 0.0, 0.0, 0.0, 2.41196336e-04, 0.0,
            0.0, 0.0, 0.0, 0.0, 0.0, 0.0, 0.0, 0.0, 0.0, 0.0, 0.0, 0.0,
            0.0, 0.0, 0.0, 2.41196336e-04, 0.0, 2.41196336e-04,
            2.41196336e-04, 1.44717796e-03, 1.20598171e-03,
            1.44717796e-03, 1.68837432e-03, 3.85914138e-03,
            2.65315967e-03, 9.64785344e-04, 3.61794513e-03,
            2.17076694e-03, 2.41196342e-03, 3.85914138e-03,
            2.41196342e-03, 1.92957069e-03, 4.10033762e-03,
            2.41196342e-03, 3.37674865e-03, 2.89435592e-03,
            2.41196342e-03, 2.41196342e-03, 5.30631933e-03,
            3.85914138e-03, 1.68837432e-03, 2.41196342e-03,
            2.41196342e-03, 4.82392672e-04, 2.41196342e-03,
            7.23588979e-04, 9.64785344e-04, 2.41196336e-04,
            2.41196336e-04, 0.0, 0.0, 0.0, 0.0, 0.0, 0.0, 0.0, 0.0, 0.0,
            0.0, 0.0, 0.0, 0.0, 0.0, 0.0, 0.0, 0.0, 0.0, 0.0, 0.0,
            2.41196336e-04, 0.0, 0.0, 0.0, 0.0, 0.0, 0.0, 4.82392672e-04,
            2.41196336e-04, 1.68837432e-03, 1.44717796e-03,
            1.20598171e-03, 1.44717796e-03, 2.41196342e-03,
            2.89435592e-03, 1.92957069e-03, 2.17076694e-03,
            2.17076694e-03, 9.64785344e-04, 9.64785344e-04,
            1.20598171e-03, 1.44717796e-03, 9.64785344e-04,
            4.82392672e-04, 1.44717796e-03, 7.23588979e-04,
            4.82392672e-04, 1.20598171e-03, 9.64785344e-04,
            2.41196336e-04, 7.23588979e-04, 9.64785344e-04,
            1.92957069e-03, 1.20598171e-03, 4.82392672e-04,
            4.82392672e-04, 7.23588979e-04, 4.82392672e-04, 0.0,
            7.23588979e-04, 0.0, 0.0, 2.41196336e-04, 0.0, 0.0, 0.0, 0.0,
            0.0, 0.0, 0.0, 0.0, 0.0, 0.0, 0.0, 0.0, 0.0, 0.0, 0.0, 0.0,
            0.0, 0.0, 0.0, 0.0, 0.0, 0.0, 2.41196336e-04, 0.0, 0.0,
            2.41196336e-04, 0.0, 7.23588979e-04, 7.23588979e-04,
            4.82392672e-04, 9.64785344e-04, 7.23588979e-04,
            4.82392672e-04, 1.68837432e-03, 1.68837432e-03,
            1.20598171e-03, 7.23588979e-04, 9.64785344e-04,
            2.17076694e-03, 1.20598171e-03, 1.68837432e-03,
            1.68837432e-03, 2.41196342e-03, 3.61794513e-03,
            2.89435592e-03, 5.30631933e-03, 8.20067525e-03,
            4.58273059e-03, 6.99469354e-03, 1.23010129e-02,
            1.61601547e-02, 2.70139892e-02, 3.49734686e-02,
            3.25615071e-02, 1.61601547e-02, 6.75349729e-03,
            1.92957069e-03, 2.41196336e-04, 0.0, 0.0, 2.41196336e-04,
            0.0, 0.0, 0.0, 0.0, 0.0, 0.0, 0.0, 0.0, 0.0, 0.0, 0.0, 0.0,
            0.0, 0.0, 0.0, 0.0, 0.0, 0.0, 0.0, 2.41196336e-04, 0.0, 0.0,
            0.0, 2.41196336e-04, 4.82392672e-04, 4.82392672e-04,
            2.41196336e-04, 4.82392672e-04, 7.23588979e-04,
            7.23588979e-04, 2.41196336e-04, 0.0, 7.23588979e-04,
            7.23588979e-04, 1.20598171e-03, 4.82392672e-04,
            1.20598171e-03, 7.23588979e-04, 1.44717796e-03,
            1.44717796e-03, 3.37674865e-03, 3.37674865e-03,
            4.34153387e-03, 2.17076694e-03, 2.17076694e-03,
            2.65315967e-03, 2.89435592e-03, 1.92957069e-03,
            1.20598171e-03, 1.92957069e-03, 9.64785344e-04,
            1.20598171e-03, 7.23588979e-04, 4.82392672e-04, 0.0,
            2.41196336e-04, 0.0, 0.0, 0.0, 0.0, 0.0, 0.0, 0.0, 0.0, 0.0,
            0.0, 0.0, 0.0, 0.0, 0.0, 0.0, 0.0, 0.0, 0.0, 0.0, 0.0,
            2.41196336e-04, 0.0, 0.0, 0.0, 4.82392672e-04,
            4.82392672e-04, 2.41196336e-04, 0.0, 2.41196336e-04,
            2.41196336e-04, 2.41196336e-04, 0.0, 4.82392672e-04,
            9.64785344e-04, 4.82392672e-04, 1.20598171e-03, 0.0,
            9.64785344e-04, 1.20598171e-03, 2.41196342e-03,
            1.68837432e-03, 4.10033762e-03, 7.23588979e-04,
            1.68837432e-03, 9.64785344e-04, 4.82392672e-04,
            7.23588979e-04, 0.0, 4.82392672e-04, 0.0, 0.0, 0.0, 0.0, 0.0,
            0.0, 0.0, 2.41196336e-04, 0.0, 0.0, 0.0, 0.0, 0.0, 0.0, 0.0,
            0.0, 0.0, 0.0, 0.0, 0.0, 0.0, 0.0, 0.0, 0.0, 0.0, 0.0, 0.0,
            0.0, 0.0, 0.0, 0.0, 0.0, 2.41196336e-04, 2.41196336e-04, 0.0,
            2.41196336e-04, 4.82392672e-04, 4.82392672e-04,
            4.82392672e-04, 0.0, 2.41196336e-04, 9.64785344e-04,
            7.23588979e-04, 0.0, 0.0, 2.41196336e-04, 7.23588979e-04,
            1.44717796e-03, 1.20598171e-03, 1.44717796e-03,
            9.64785344e-04, 2.41196336e-04, 1.20598171e-03,
            2.41196336e-04, 0.0, 0.0, 0.0, 2.41196336e-04, 0.0, 0.0, 0.0,
            0.0, 0.0, 0.0, 0.0, 0.0, 0.0, 0.0, 0.0, 0.0, 0.0, 0.0, 0.0,
            0.0, 0.0, 0.0, 0.0, 0.0, 0.0, 0.0, 0.0, 0.0, 0.0, 0.0, 0.0,
            0.0, 0.0, 0.0, 0.0, 0.0, 0.0, 0.0, 0.0, 2.41196336e-04, 0.0,
            2.41196336e-04, 7.23588979e-04, 1.20598171e-03,
            4.82392672e-04, 7.23588979e-04, 9.64785344e-04, 0.0,
            4.82392672e-04, 2.41196336e-04, 7.23588979e-04,
            1.20598171e-03, 1.68837432e-03, 1.20598171e-03,
            1.68837432e-03, 4.82392672e-04, 4.82392672e-04,
            7.23588979e-04, 0.0, 0.0, 0.0, 0.0, 0.0, 2.41196336e-04, 0.0,
            0.0, 0.0, 0.0, 0.0, 0.0, 0.0, 0.0, 0.0, 0.0, 0.0, 0.0, 0.0,
            0.0, 0.0, 0.0, 0.0, 0.0, 0.0, 0.0, 0.0, 0.0, 0.0, 0.0, 0.0,
            0.0, 0.0, 0.0, 0.0, 0.0, 0.0, 0.0, 0.0, 2.41196336e-04, 0.0,
            4.82392672e-04, 0.0, 4.82392672e-04, 2.41196336e-04,
            7.23588979e-04, 0.0, 0.0, 2.41196336e-04, 4.82392672e-04,
            0.0, 1.44717796e-03, 9.64785344e-04, 1.68837432e-03,
            7.23588979e-04, 1.92957069e-03, 4.82392672e-04,
            2.41196336e-04, 0.0, 0.0, 0.0, 0.0, 0.0, 0.0, 0.0, 0.0, 0.0,
            0.0, 0.0, 0.0, 0.0, 0.0, 0.0, 0.0, 0.0, 0.0, 0.0, 0.0, 0.0,
            0.0, 0.0, 0.0, 0.0, 0.0, 0.0, 0.0, 0.0, 0.0, 0.0, 0.0, 0.0,
            0.0, 0.0, 0.0, 0.0, 0.0, 0.0, 0.0, 0.0, 0.0, 0.0,
            4.82392672e-04, 2.41196336e-04, 0.0, 0.0, 0.0, 0.0,
