{
    "h": {
        "type_id": "opencv-matrix",
        "rows": 50,
        "cols": 60,
        "dt": "f",
        "data": [ 0.0, 0.0, 1.37931039e-03, 1.37931039e-03, 0.0,
            1.37931039e-03, 0.0, 0.0, 1.37931039e-03, 4.13793139e-03,
            0.0, 2.75862077e-03, 0.0, 0.0, 0.0, 0.0, 0.0, 0.0,
            1.37931039e-03, 0.0, 0.0, 1.37931039e-03, 0.0,
            1.37931039e-03, 0.0, 0.0, 0.0, 0.0, 0.0, 1.37931039e-03, 0.0,
            0.0, 0.0, 1.37931039e-03, 0.0, 0.0, 0.0, 0.0, 0.0,
            1.37931039e-03, 0.0, 0.0, 0.0, 0.0, 0.0, 0.0, 0.0, 0.0, 0.0,
            0.0, 0.0, 0.0, 0.0, 0.0, 0.0, 0.0, 0.0, 0.0, 0.0,
            1.37931039e-03, 0.0, 0.0, 0.0, 1.37931039e-03, 0.0,
            1.37931039e-03, 0.0, 0.0, 0.0, 2.75862077e-03,
            2.75862077e-03, 2.75862077e-03, 4.13793139e-03,
            4.13793139e-03, 4.13793139e-03, 2.75862077e-03, 0.0,
            2.75862077e-03, 0.0, 1.37931039e-03, 0.0, 1.37931039e-03,
            1.37931039e-03, 0.0, 0.0, 0.0, 1.37931039e-03, 0.0,
            1.37931039e-03, 0.0, 1.37931039e-03, 0.0, 1.37931039e-03,
            1.37931039e-03, 0.0, 0.0, 0.0, 0.0, 0.0, 0.0, 0.0, 0.0,
            2.75862077e-03, 0.0, 0.0, 0.0, 0.0, 1.37931039e-03, 0.0, 0.0,
            0.0, 0.0, 0.0, 0.0, 0.0, 0.0, 0.0, 0.0, 0.0, 5.51724155e-03,
            0.0, 0.0, 1.37931039e-03, 0.0, 1.37931039e-03,
            1.37931039e-03, 4.13793139e-03, 0.0, 0.0, 5.51724155e-03,
            5.51724155e-03, 1.37931039e-03, 0.0, 1.37931039e-03, 0.0,
            4.13793139e-03, 2.75862077e-03, 1.37931039e-03,
            1.37931039e-03, 0.0, 1.37931039e-03, 1.37931039e-03,
            1.37931039e-03, 1.37931039e-03, 1.37931039e-03,
            1.37931039e-03, 1.37931039e-03, 0.0, 2.75862077e-03,
            8.27586278e-03, 1.37931039e-03, 5.51724155e-03,
            1.37931039e-03, 1.37931039e-03, 4.13793139e-03,
            1.37931039e-03, 2.75862077e-03, 0.0, 1.37931039e-03,
            2.75862077e-03, 1.37931039e-03, 1.37931039e-03, 0.0, 0.0,
            0.0, 0.0, 1.37931039e-03, 0.0, 0.0, 0.0, 0.0, 0.0, 0.0, 0.0,
            0.0, 1.37931039e-03, 0.0, 1.37931039e-03, 0.0, 0.0, 0.0, 0.0,
            4.13793139e-03, 2.75862077e-03, 0.0, 2.75862077e-03,
            1.37931039e-03, 1.37931039e-03, 1.37931039e-03,
            2.75862077e-03, 6.89655170e-03, 1.65517256e-02,
            6.89655170e-03, 9.65517294e-03, 9.65517294e-03,
            2.75862077e-03, 4.13793139e-03, 4.13793139e-03,
            6.89655170e-03, 1.24137932e-02, 6.89655170e-03,
            1.51724145e-02, 1.51724145e-02, 1.10344831e-02,
            1.37931034e-02, 1.24137932e-02, 6.89655170e-03,
            1.37931034e-02, 1.37931034e-02, 2.20689662e-02,
            3.44827585e-02, 2.48275865e-02, 2.62068976e-02,
            2.06896551e-02, 1.51724145e-02, 4.13793139e-03,
            6.89655170e-03, 6.89655170e-03, 4.13793139e-03,
            1.37931039e-03, 0.0, 1.37931039e-03, 1.37931039e-03,
            2.75862077e-03, 0.0, 0.0, 2.75862077e-03, 2.75862077e-03,
            0.0, 0.0, 1.37931039e-03, 0.0, 0.0, 1.37931039e-03, 0.0, 0.0,
            0.0, 1.37931039e-03, 0.0, 6.89655170e-03, 0.0, 0.0,
            1.37931039e-03, 5.51724155e-03, 5.51724155e-03,
            8.27586278e-03, 4.13793139e-03, 5.51724155e-03,
            6.89655170e-03, 6.89655170e-03, 2.20689662e-02,
            2.48275865e-02, 3.03448290e-02, 4.00000028e-02,
            2.48275865e-02, 7.44827613e-02, 4.96551730e-02,
            2.89655179e-02, 3.58620696e-02, 3.44827585e-02,
            4.13793102e-02, 5.51724136e-02, 6.62069023e-02,
            5.10344841e-02, 5.93103468e-02, 6.06896579e-02,
            8.55172426e-02, 5.10344841e-02, 5.65517247e-02,
            4.00000028e-02, 5.51724136e-02, 5.24137951e-02,
            3.44827585e-02, 4.68965545e-02, 5.10344841e-02,
            3.58620696e-02, 3.03448290e-02, 1.65517256e-02,
            1.79310348e-02, 2.34482773e-02, 1.10344831e-02,
            2.62068976e-02, 2.75862077e-03, 6.89655170e-03,
            4.13793139e-03, 8.27586278e-03, 0.0, 4.13793139e-03,
            4.13793139e-03, 1.37931039e-03, 1.37931039e-03,
            2.75862077e-03, 1.37931039e-03, 0.0, 5.51724155e-03,
            1.37931039e-03, 0.0, 4.13793139e-03, 1.37931039e-03,
            8.27586278e-03, 1.37931039e-03, 0.0, 2.75862077e-03,
            1.51724145e-02, 5.51724155e-03, 6.89655170e-03,
            1.79310348e-02, 2.06896551e-02, 1.93103459e-02,
            4.68965545e-02, 5.79310358e-02, 9.93103459e-02,
            1.25517249e-01, 2.23448277e-01, 4.53793108e-01, 1.0,
            8.92413795e-01, 5.54482758e-01, 4.41379309e-01,
            2.17931047e-01, 2.40000010e-01, 2.38620698e-01,
            3.32413793e-01, 2.59310365e-01, 2.06896558e-01,
            1.60000011e-01, 1.65517241e-01, 1.26896560e-01,
            1.43448278e-01, 1.00689657e-01, 1.22758627e-01,
            8.13793093e-02, 7.03448281e-02, 7.72413835e-02,
            4.13793102e-02, 4.55172434e-02, 4.55172434e-02,
            2.89655179e-02, 1.24137932e-02, 8.27586278e-03,
            9.65517294e-03, 4.13793139e-03, 0.0, 5.51724155e-03,
            1.37931039e-03, 2.75862077e-03, 2.75862077e-03, 0.0,
            1.37931039e-03, 1.37931039e-03, 1.37931039e-03,
            1.37931039e-03, 1.37931039e-03, 0.0, 0.0, 0.0, 0.0, 0.0,
            1.37931039e-03, 1.37931039e-03, 0.0, 1.37931034e-02,
            2.75862077e-03, 4.13793139e-03, 1.10344831e-02,
            2.89655179e-02, 1.93103459e-02, 6.34482801e-02,
            5.65517247e-02, 1.06206901e-01, 1.83448285e-01,
            3.62758636e-01, 3.02068979e-01, 2.62068987e-01,
            1.98620692e-01, 3.28275859e-01, 1.66896552e-01,
            2.41379321e-01, 4.19310361e-01, 2.45517254e-01,
            2.15172425e-01, 2.51034498e-01, 2.67586201e-01,
            1.46206900e-01, 1.31034493e-01, 9.65517238e-02,
            8.27586204e-02, 4.41379324e-02, 5.37931062e-02,
            4.27586213e-02, 6.34482801e-02, 3.03448290e-02,
            3.86206917e-02, 2.06896551e-02, 1.10344831e-02,
            2.48275865e-02, 1.37931034e-02, 1.37931034e-02,
            5.51724155e-03, 4.13793139e-03, 5.51724155e-03, 0.0, 0.0,
            0.0, 1.37931039e-03, 4.13793139e-03, 1.37931039e-03, 0.0,
            1.37931039e-03, 1.37931039e-03, 0.0, 1.37931039e-03, 0.0,
            0.0, 0.0, 0.0, 0.0, 0.0, 0.0, 0.0, 0.0, 0.0, 0.0, 0.0,
            9.65517294e-03, 3.03448290e-02, 5.10344841e-02,
            3.72413807e-02, 3.58620696e-02, 6.48275912e-02,
            6.20689690e-02, 1.26896560e-01, 6.20689690e-02,
            6.62069023e-02, 4.55172434e-02, 3.31034511e-02,
            2.62068976e-02, 1.93103459e-02, 3.03448290e-02,
            1.51724145e-02, 5.51724155e-03, 1.10344831e-02,
            1.93103459e-02, 1.79310348e-02, 1.65517256e-02,
            9.65517294e-03, 1.93103459e-02, 6.89655170e-03,
            5.51724155e-03, 4.13793139e-03, 4.13793139e-03,
            5.51724155e-03, 4.13793139e-03, 1.37931039e-03,
            4.13793139e-03, 0.0, 2.75862077e-03, 2.75862077e-03,
            1.37931039e-03, 0.0, 1.37931039e-03, 0.0, 0.0,
            1.37931039e-03, 0.0, 0.0, 0.0, 0.0, 0.0, 0.0, 0.0, 0.0, 0.0,
            0.0, 0.0, 0.0, 0.0, 0.0, 0.0, 0.0, 1.37931039e-03, 0.0,
            9.65517294e-03, 1.93103459e-02, 8.27586278e-03,
            1.79310348e-02, 2.20689662e-02, 2.89655179e-02,
            1.37931034e-02, 9.65517294e-03, 5.51724155e-03,
            6.89655170e-03, 4.13793139e-03, 6.89655170e-03,
            4.13793139e-03, 6.89655170e-03, 5.51724155e-03,
            1.37931039e-03, 6.89655170e-03, 6.89655170e-03,
            2.75862077e-03, 4.13793139e-03, 9.65517294e-03,
            1.37931039e-03, 2.75862077e-03, 4.13793139e-03,
            2.75862077e-03, 2.75862077e-03, 0.0, 0.0, 1.37931039e-03,
            1.37931039e-03, 0.0, 0.0, 0.0, 1.37931039e-03, 0.0, 0.0, 0.0,
            0.0, 0.0, 0.0, 0.0, 0.0, 0.0, 0.0, 0.0, 0.0, 0.0, 0.0, 0.0,
            0.0, 0.0, 0.0, 0.0, 0.0, 0.0, 0.0, 0.0, 0.0, 0.0,
