{
    "h": {
        "type_id": "opencv-matrix",
        "rows": 50,
        "cols": 60,
        "dt": "f",
        "data": [ 0.0, 0.0, 0.0, 0.0, 0.0, 0.0, 0.0, 0.0, 0.0, 0.0, 0.0,
            0.0, 0.0, 0.0, 0.0, 0.0, 0.0, 0.0, 0.0, 0.0, 0.0, 0.0, 0.0,
            0.0, 0.0, 0.0, 0.0, 0.0, 0.0, 0.0, 0.0, 0.0, 0.0, 0.0, 0.0,
            0.0, 0.0, 0.0, 0.0, 0.0, 0.0, 0.0, 0.0, 0.0, 0.0, 0.0, 0.0,
            0.0, 0.0, 0.0, 0.0, 0.0, 0.0, 0.0, 0.0, 0.0, 0.0, 0.0, 0.0,
            0.0, 0.0, 0.0, 0.0, 0.0, 0.0, 0.0, 0.0, 0.0, 0.0, 0.0, 0.0,
            0.0, 0.0, 0.0, 0.0, 0.0, 0.0, 0.0, 0.0, 0.0, 0.0, 0.0, 0.0,
            0.0, 0.0, 0.0, 0.0, 0.0, 0.0, 0.0, 0.0, 0.0, 0.0, 0.0, 0.0,
            0.0, 0.0, 0.0, 0.0, 0.0, 0.0, 0.0, 0.0, 0.0, 0.0, 0.0, 0.0,
            0.0, 0.0, 0.0, 0.0, 0.0, 0.0, 0.0, 0.0, 0.0, 0.0, 0.0, 0.0,
            0.0, 0.0, 0.0, 0.0, 0.0, 0.0, 0.0, 0.0, 0.0, 0.0, 0.0, 0.0,
            0.0, 0.0, 0.0, 0.0, 0.0, 0.0, 0.0, 0.0, 0.0, 0.0, 0.0, 0.0,
            0.0, 0.0, 0.0, 0.0, 0.0, 0.0, 0.0, 2.46366108e-04, 0.0, 0.0,
            2.46366108e-04, 0.0, 0.0, 0.0, 0.0, 0.0, 0.0, 0.0, 0.0, 0.0,
            0.0, 0.0, 0.0, 0.0, 0.0, 0.0, 0.0, 0.0, 0.0, 0.0, 0.0, 0.0,
            0.0, 0.0, 0.0, 0.0, 0.0, 0.0, 0.0, 0.0, 0.0, 0.0, 0.0, 0.0,
            0.0, 0.0, 0.0, 0.0, 0.0, 0.0, 0.0, 0.0, 0.0, 0.0,
            7.39098294e-04, 2.46366108e-04, 0.0, 0.0, 0.0,
            2.46366108e-04, 2.46366108e-04, 9.85464430e-04,
            2.46366108e-04, 4.92732215e-04, 1.47819659e-03,
            1.23183057e-03, 9.85464430e-04, 9.85464430e-04,
            1.23183057e-03, 1.23183057e-03, 1.47819659e-03,
            9.85464430e-04, 9.85464430e-04, 4.92732215e-04,
            9.85464430e-04, 2.46366108e-04, 0.0, 0.0, 4.92732215e-04,
            0.0, 0.0, 0.0, 2.46366108e-04, 0.0, 0.0, 0.0, 0.0, 0.0, 0.0,
            0.0, 0.0, 2.46366108e-04, 0.0, 0.0, 0.0, 0.0, 0.0, 0.0, 0.0,
            0.0, 0.0, 0.0, 0.0, 0.0, 0.0, 0.0, 0.0, 0.0, 4.92732215e-04,
            0.0, 4.92732215e-04, 7.39098294e-04, 1.97092886e-03,
            1.97092886e-03, 3.20275943e-03, 5.66642033e-03,
            3.94185772e-03, 3.94185772e-03, 5.17368829e-03,
            6.65188488e-03, 4.43458976e-03, 4.18822374e-03,
            3.94185772e-03, 4.92732227e-03, 5.17368829e-03,
            6.89825090e-03, 5.91278635e-03, 6.40551886e-03,
            4.68095625e-03, 3.94185772e-03, 8.13008193e-03,
            4.43458976e-03, 3.94185772e-03, 3.20275943e-03,
            5.91278635e-03, 1.97092886e-03, 3.69549170e-03,
            2.71002715e-03, 4.18822374e-03, 2.21729488e-03,
            1.72456272e-03, 2.46366108e-04, 7.39098294e-04, 0.0,
            2.46366108e-04, 2.46366108e-04, 4.92732215e-04, 0.0,
            4.92732215e-04, 0.0, 0.0, 0.0, 0.0, 2.46366108e-04, 0.0, 0.0,
            0.0, 0.0, 0.0, 0.0, 0.0, 0.0, 0.0, 0.0, 0.0, 0.0, 0.0,
            2.46366108e-04, 2.46366108e-04, 2.46366108e-04,
            9.85464430e-04, 1.72456272e-03, 9.85464430e-04,
            2.46366113e-03, 2.71002715e-03, 5.42005431e-03,
            6.65188488e-03, 4.43458976e-03, 4.43458976e-03,
            7.63734942e-03, 4.68095625e-03, 4.92732227e-03,
            6.89825090e-03, 7.63734942e-03, 6.40551886e-03,
            4.92732227e-03, 5.66642033e-03, 1.01010101e-02,
            6.89825090e-03, 7.14461692e-03, 1.23183057e-02,
            9.60827805e-03, 1.94629226e-02, 1.79847255e-02,
            2.66075395e-02, 2.19265837e-02, 2.19265837e-02,
            1.87238250e-02, 1.65065285e-02, 1.08401086e-02,
            8.13008193e-03, 6.65188488e-03, 6.89825090e-03,
            2.95639317e-03, 2.46366113e-03, 2.95639317e-03,
            2.46366108e-04, 7.39098294e-04, 7.39098294e-04,
            2.46366108e-04, 4.92732215e-04, 2.46366108e-04,
            2.46366108e-04, 4.92732215e-04, 0.0, 4.92732215e-04,
            7.39098294e-04, 0.0, 0.0, 0.0, 0.0, 0.0, 0.0, 0.0, 0.0,
            4.92732215e-04, 7.39098294e-04, 2.46366108e-04,
            1.47819659e-03, 2.21729488e-03, 9.85464430e-04,
            1.47819659e-03, 2.95639317e-03, 1.97092886e-03,
            3.44912545e-03, 4.68095625e-03, 4.43458976e-03,
            4.92732227e-03, 3.44912545e-03, 6.40551886e-03,
            2.46366113e-03, 2.95639317e-03, 5.42005431e-03,
            4.18822374e-03, 4.18822374e-03, 5.91278635e-03,
            4.43458976e-03, 8.37644748e-03, 6.15915284e-03,
            7.88371544e-03, 1.28110377e-02, 1.47819668e-02,
            1.84774585e-02, 2.24193167e-02, 4.80413921e-02,
            6.60261139e-02, 7.41561949e-02, 1.38950482e-01,
            4.05025870e-01, 1.0, 1.68268055e-01, 1.57674309e-02,
            2.95639317e-03, 1.47819659e-03, 1.97092886e-03,
            4.92732215e-04, 0.0, 7.39098294e-04, 2.46366108e-04, 0.0,
            2.46366108e-04, 4.92732215e-04, 0.0, 2.46366108e-04, 0.0,
            0.0, 0.0, 0.0, 0.0, 0.0, 0.0, 0.0, 0.0, 0.0, 0.0,
            1.23183057e-03, 9.85464430e-04, 7.39098294e-04,
            1.23183057e-03, 4.92732215e-04, 7.39098294e-04,
            1.72456272e-03, 1.97092886e-03, 1.47819659e-03,
            1.47819659e-03, 9.85464430e-04, 2.21729488e-03,
            4.92732215e-04, 2.46366113e-03, 3.44912545e-03,
            7.39098294e-04, 1.72456272e-03, 1.23183057e-03,
            2.21729488e-03, 1.72456272e-03, 1.23183057e-03,
            4.92732215e-04, 4.92732215e-04, 1.47819659e-03,
            1.23183057e-03, 9.85464430e-04, 2.71002715e-03,
            8.13008193e-03, 4.68095625e-03, 1.08401086e-02,
            1.33037698e-02, 4.18822374e-03, 4.92732215e-04,
            4.92732215e-04, 0.0, 4.92732215e-04, 4.92732215e-04, 0.0,
            2.46366108e-04, 2.46366108e-04, 0.0, 0.0, 0.0, 0.0, 0.0, 0.0,
            0.0, 0.0, 0.0, 0.0, 0.0, 0.0, 0.0, 0.0, 0.0, 0.0, 0.0, 0.0,
            0.0, 4.92732215e-04, 4.92732215e-04, 4.92732215e-04,
            4.92732215e-04, 2.46366108e-04, 2.46366108e-04, 0.0,
            2.46366108e-04, 0.0, 2.46366108e-04, 0.0, 4.92732215e-04,
            4.92732215e-04, 0.0, 0.0, 2.46366108e-04, 2.46366108e-04,
            0.0, 2.46366108e-04, 2.46366108e-04, 4.92732215e-04,
            2.46366108e-04, 7.39098294e-04, 7.39098294e-04,
            7.39098294e-04, 9.85464430e-04, 7.39098294e-04,
            3.69549170e-03, 1.01010101e-02, 2.95639317e-03,
            4.92732215e-04, 0.0, 4.92732215e-04, 2.46366108e-04, 0.0,
            0.0, 0.0, 0.0, 0.0, 0.0, 0.0, 2.46366108e-04, 0.0, 0.0, 0.0,
            0.0, 0.0, 0.0, 0.0, 0.0, 0.0, 0.0, 0.0, 0.0, 0.0, 0.0, 0.0,
            0.0, 0.0, 0.0, 0.0, 0.0, 0.0, 0.0, 0.0, 0.0, 0.0, 0.0, 0.0,
            0.0, 0.0, 0.0, 0.0, 0.0, 0.0, 0.0, 0.0, 0.0, 0.0, 0.0, 0.0,
            0.0, 0.0, 7.39098294e-04, 7.39098294e-04, 0.0,
            1.47819659e-03, 4.92732215e-04, 7.39098294e-04,
            2.46366108e-04, 0.0, 0.0, 2.46366108e-04, 0.0,
            2.46366108e-04, 0.0, 0.0, 0.0, 0.0, 0.0, 0.0, 0.0, 0.0, 0.0,
            0.0, 0.0, 0.0, 0.0, 0.0, 0.0, 0.0, 0.0, 0.0, 0.0, 0.0, 0.0,
            0.0, 0.0, 0.0, 0.0, 0.0, 0.0, 0.0, 0.0, 0.0, 0.0, 0.0, 0.0,
            0.0, 0.0, 0.0, 0.0, 0.0, 0.0, 0.0, 0.0, 0.0, 0.0, 0.0, 0.0,
            0.0, 0.0, 0.0, 4.92732215e-04, 7.39098294e-04,
            9.85464430e-04, 1.47819659e-03, 4.92732215e-04, 0.0, 0.0,
            0.0, 0.0, 0.0, 0.0, 0.0, 0.0, 0.0, 0.0, 0.0, 0.0, 0.0, 0.0,
            0.0, 0.0, 0.0, 0.0, 0.0, 0.0, 0.0, 0.0, 0.0, 0.0, 0.0, 0.0,
            0.0, 0.0, 0.0, 0.0, 0.0, 0.0, 0.0, 0.0, 0.0, 0.0, 0.0, 0.0,
            0.0, 0.0, 0.0, 0.0, 0.0, 0.0, 0.0, 0.0, 0.0, 0.0, 0.0, 0.0,
            0.0, 0.0, 0.0, 0.0, 0.0, 0.0, 0.0, 0.0, 0.0, 0.0, 0.0, 0.0,
            0.0, 0.0, 0.0, 0.0, 0.0, 0.0, 0.0, 0.0, 0.0, 0.0, 0.0, 0.0,
            0.0, 0.0, 0.0, 0.0, 0.0, 0.0, 0.0, 0.0, 0.0, 0.0, 0.0, 0.0,
            0.0, 0.0, 0.0, 0.0, 0.0, 0.0, 0.0, 0.0, 0.0, 0.0, 0.0, 0.0,
            0.0, 0.0, 0.0, 0.0, 0.0, 0.0, 0.0, 0.0, 0.0, 0.0, 0.0, 0.0,
            0.0, 0.0, 0.0, 0.0, 0.0, 0.0, 0.0, 0.0, 0.0, 0.0, 0.0, 0.0,
