{
    "h": {
        "type_id": "opencv-matrix",
        "rows": 50,
        "cols": 60,
        "dt": "f",
        "data": [ 0.0, 0.0, 0.0, 0.0, 0.0, 0.0, 2.23713648e-03, 0.0, 0.0,
            0.0, 0.0, 0.0, 0.0, 0.0, 0.0, 0.0, 0.0, 0.0, 0.0, 0.0, 0.0,
            0.0, 0.0, 0.0, 0.0, 0.0, 0.0, 0.0, 0.0, 0.0, 0.0, 0.0, 0.0,
            0.0, 0.0, 0.0, 0.0, 0.0, 0.0, 0.0, 0.0, 0.0, 0.0, 0.0, 0.0,
            0.0, 0.0, 0.0, 0.0, 0.0, 0.0, 0.0, 0.0, 0.0, 0.0, 0.0, 0.0,
            0.0, 0.0, 0.0, 0.0, 0.0, 0.0, 8.94854590e-03, 0.0, 0.0, 0.0,
            0.0, 0.0, 0.0, 2.23713648e-03, 0.0, 0.0, 0.0, 0.0, 0.0, 0.0,
            0.0, 0.0, 0.0, 0.0, 0.0, 0.0, 2.23713648e-03, 0.0, 0.0, 0.0,
            0.0, 0.0, 0.0, 0.0, 0.0, 0.0, 0.0, 0.0, 0.0, 0.0, 0.0, 0.0,
            0.0, 0.0, 0.0, 0.0, 0.0, 0.0, 0.0, 0.0, 0.0, 0.0, 0.0, 0.0,
            0.0, 0.0, 0.0, 0.0, 0.0, 0.0, 0.0, 0.0, 0.0, 0.0, 0.0, 0.0,
            6.71140943e-03, 0.0, 0.0, 2.23713648e-03, 0.0, 0.0, 0.0,
            2.23713648e-03, 0.0, 2.23713648e-03, 0.0, 0.0, 0.0,
            2.23713648e-03, 2.23713648e-03, 2.23713648e-03, 0.0, 0.0,
            0.0, 2.23713648e-03, 0.0, 0.0, 2.23713648e-03, 0.0,
            4.47427295e-03, 2.23713648e-03, 0.0, 0.0, 0.0,
            4.47427295e-03, 0.0, 0.0, 0.0, 4.47427295e-03,
            4.47427295e-03, 0.0, 0.0, 0.0, 2.23713648e-03, 0.0, 0.0, 0.0,
            0.0, 0.0, 0.0, 0.0, 0.0, 0.0, 0.0, 0.0, 0.0, 0.0, 0.0, 0.0,
            0.0, 0.0, 0.0, 0.0, 0.0, 0.0, 1.56599544e-02, 0.0,
            2.23713648e-03, 4.47427295e-03, 0.0, 2.23713648e-03,
            2.23713648e-03, 0.0, 0.0, 2.23713648e-03, 4.47427295e-03,
            2.23713648e-03, 0.0, 6.71140943e-03, 2.23713648e-03,
            4.47427295e-03, 2.23713648e-03, 2.23713648e-03,
            2.23713648e-03, 2.23713648e-03, 0.0, 0.0, 4.47427295e-03,
            4.47427295e-03, 0.0, 0.0, 4.47427295e-03, 4.47427295e-03,
            4.47427295e-03, 2.23713648e-03, 0.0, 0.0, 2.23713648e-03,
            2.23713648e-03, 2.23713648e-03, 2.23713648e-03, 0.0, 0.0,
            0.0, 0.0, 0.0, 0.0, 0.0, 2.23713648e-03, 0.0, 0.0, 0.0, 0.0,
            0.0, 0.0, 0.0, 0.0, 0.0, 0.0, 0.0, 0.0, 0.0, 0.0, 0.0, 0.0,
            1.11856824e-02, 2.23713648e-02, 1.34228189e-02,
            4.47427295e-03, 1.11856824e-02, 8.94854590e-03, 0.0, 0.0,
            2.23713648e-03, 0.0, 2.23713648e-03, 8.94854590e-03,
            2.23713648e-03, 2.23713648e-03, 2.23713648e-03,
            4.47427295e-03, 0.0, 2.23713648e-03, 6.71140943e-03,
            6.71140943e-03, 2.23713648e-03, 4.47427295e-03,
            1.34228189e-02, 6.71140943e-03, 1.78970918e-02,
            2.01342292e-02, 3.80313210e-02, 3.80313210e-02,
            3.80313210e-02, 3.13199088e-02, 2.46085003e-02,
            2.23713648e-02, 6.71140943e-03, 6.71140943e-03,
            1.56599544e-02, 1.11856824e-02, 8.94854590e-03,
            6.71140943e-03, 4.47427295e-03, 4.47427295e-03,
            2.23713648e-03, 6.71140943e-03, 2.23713648e-03, 0.0, 0.0,
            4.47427295e-03, 0.0, 0.0, 0.0, 0.0, 0.0, 0.0, 0.0, 0.0, 0.0,
            0.0, 6.71140943e-03, 0.0, 0.0, 6.71140943e-03,
            5.36912754e-02, 4.92170006e-02, 7.38255009e-02,
            4.25055921e-02, 1.34228189e-02, 1.34228189e-02,
            1.34228189e-02, 1.11856824e-02, 6.71140943e-03,
            1.11856824e-02, 4.47427295e-03, 2.23713648e-03,
            6.71140943e-03, 2.23713648e-03, 1.11856824e-02,
            2.01342292e-02, 1.11856824e-02, 1.34228189e-02,
            1.56599544e-02, 2.90827751e-02, 2.23713648e-02,
            2.23713648e-02, 3.35570462e-02, 5.59284128e-02,
            8.50111842e-02, 1.09619685e-01, 1.23042509e-01,
            2.01342285e-01, 2.03579426e-01, 2.12527961e-01,
            2.99776286e-01, 1.85682327e-01, 9.61968675e-02,
            6.48769587e-02, 5.81655502e-02, 3.80313210e-02,
            2.46085003e-02, 3.35570462e-02, 3.13199088e-02,
            1.56599544e-02, 1.34228189e-02, 1.11856824e-02,
            8.94854590e-03, 2.23713648e-03, 2.23713648e-03, 0.0,
            6.71140943e-03, 0.0, 0.0, 2.23713648e-03, 0.0,
            2.23713648e-03, 0.0, 0.0, 0.0, 2.23713648e-03, 0.0, 0.0, 0.0,
            0.0, 4.69798669e-02, 1.29753917e-01, 4.02684584e-02,
            1.56599544e-02, 1.34228189e-02, 1.34228189e-02,
            6.71140943e-03, 6.71140943e-03, 1.56599544e-02,
            1.34228189e-02, 6.71140943e-03, 1.34228189e-02,
            1.11856824e-02, 1.34228189e-02, 2.01342292e-02,
            4.02684584e-02, 3.35570462e-02, 4.25055921e-02,
            4.69798669e-02, 5.59284128e-02, 6.48769587e-02,
            3.80313210e-02, 4.69798669e-02, 7.38255009e-02,
            5.81655502e-02, 4.69798669e-02, 5.36912754e-02,
            8.05369169e-02, 7.60626420e-02, 6.04026839e-02,
            6.71140924e-02, 3.80313210e-02, 4.69798669e-02,
            4.92170006e-02, 3.80313210e-02, 2.68456377e-02,
            1.56599544e-02, 4.47427295e-03, 1.34228189e-02,
            4.47427295e-03, 4.47427295e-03, 4.47427295e-03, 0.0,
            2.23713648e-03, 4.47427295e-03, 4.47427295e-03, 0.0, 0.0,
            0.0, 0.0, 0.0, 0.0, 0.0, 0.0, 0.0, 0.0, 0.0, 0.0, 0.0, 0.0,
            5.81655502e-02, 3.80313210e-02, 2.90827751e-02,
            2.68456377e-02, 2.01342292e-02, 1.78970918e-02,
            1.11856824e-02, 1.11856824e-02, 1.56599544e-02,
            1.34228189e-02, 2.23713648e-03, 1.78970918e-02,
            2.90827751e-02, 1.56599544e-02, 4.02684584e-02,
            4.02684584e-02, 4.02684584e-02, 3.57941836e-02,
            4.02684584e-02, 1.00671142e-01, 7.82997757e-02,
            3.57941836e-02, 5.36912754e-02, 4.69798669e-02,
            4.02684584e-02, 2.46085003e-02, 3.57941836e-02,
            4.92170006e-02, 5.81655502e-02, 2.90827751e-02,
            3.80313210e-02, 2.46085003e-02, 1.78970918e-02,
            2.23713648e-03, 1.11856824e-02, 1.11856824e-02,
            2.23713648e-03, 0.0, 2.23713648e-03, 0.0, 2.23713648e-03,
            0.0, 0.0, 0.0, 0.0, 0.0, 0.0, 0.0, 0.0, 0.0, 0.0, 0.0, 0.0,
            0.0, 0.0, 0.0, 0.0, 0.0, 0.0, 2.01342292e-02, 3.35570462e-02,
            1.56599544e-02, 1.56599544e-02, 1.56599544e-02,
            2.23713648e-02, 1.56599544e-02, 2.23713648e-02,
            1.56599544e-02, 1.56599544e-02, 1.11856824e-02,
            4.47427295e-03, 8.94854590e-03, 6.71140943e-03,
            1.11856824e-02, 6.71140943e-03, 2.01342292e-02,
            2.23713648e-02, 2.68456377e-02, 3.35570462e-02,
            7.82997757e-02, 6.71140924e-02, 5.14541380e-02,
            7.82997757e-02, 6.26398176e-02, 8.50111842e-02,
            7.38255009e-02, 5.59284128e-02, 4.02684584e-02,
            3.35570462e-02, 2.90827751e-02, 2.90827751e-02,
            1.34228189e-02, 1.34228189e-02, 8.94854590e-03,
            4.47427295e-03, 0.0, 2.23713648e-03, 0.0, 2.23713648e-03,
            0.0, 0.0, 0.0, 0.0, 0.0, 0.0, 0.0, 2.23713648e-03, 0.0, 0.0,
            0.0, 0.0, 0.0, 0.0, 0.0, 0.0, 0.0, 0.0, 0.0, 0.0,
            2.23713648e-03, 1.11856824e-02, 1.78970918e-02,
            1.34228189e-02, 1.11856824e-02, 3.35570462e-02,
            2.23713648e-02, 2.90827751e-02, 1.34228189e-02,
            1.56599544e-02, 1.78970918e-02, 1.56599544e-02,
            4.47427295e-03, 8.94854590e-03, 1.34228189e-02,
            1.11856824e-02, 2.23713648e-02, 2.01342292e-02,
            2.68456377e-02, 2.90827751e-02, 3.35570462e-02,
            7.38255009e-02, 9.17225927e-02, 9.39597338e-02,
            1.47651002e-01, 2.48322144e-01, 2.28187919e-01,
            2.08053693e-01, 2.23713651e-01, 1.31991059e-01,
            4.47427295e-02, 2.46085003e-02, 2.23713648e-03,
            4.47427295e-03, 0.0, 2.23713648e-03, 0.0, 2.23713648e-03,
            0.0, 0.0, 0.0, 0.0, 2.23713648e-03, 0.0, 0.0, 0.0, 0.0, 0.0,
            0.0, 0.0, 0.0, 0.0, 0.0, 0.0, 0.0, 0.0, 0.0, 2.23713648e-03,
            0.0, 0.0, 0.0, 0.0, 2.68456377e-02, 8.94854590e-03,
            1.11856824e-02, 1.11856824e-02, 2.01342292e-02,
