{
    "h": {
        "type_id": "opencv-matrix",
        "rows": 50,
        "cols": 60,
        "dt": "f",
        "data": [ 0.0, 0.0, 0.0, 0.0, 0.0, 0.0, 0.0, 0.0, 0.0, 0.0, 0.0,
            0.0, 0.0, 0.0, 0.0, 0.0, 0.0, 0.0, 0.0, 0.0, 0.0, 0.0, 0.0,
            0.0, 0.0, 0.0, 0.0, 0.0, 0.0, 0.0, 0.0, 0.0, 0.0, 0.0, 0.0,
            0.0, 0.0, 0.0, 0.0, 0.0, 0.0, 0.0, 0.0, 0.0, 0.0, 0.0, 0.0,
            0.0, 0.0, 0.0, 0.0, 0.0, 0.0, 0.0, 0.0, 0.0, 0.0, 0.0, 0.0,
            0.0, 0.0, 0.0, 0.0, 0.0, 0.0, 0.0, 0.0, 0.0, 0.0, 0.0, 0.0,
            0.0, 0.0, 0.0, 0.0, 0.0, 0.0, 0.0, 0.0, 0.0, 0.0, 0.0, 0.0,
            0.0, 0.0, 0.0, 0.0, 0.0, 0.0, 0.0, 0.0, 0.0, 0.0, 0.0, 0.0,
            0.0, 0.0, 0.0, 0.0, 0.0, 0.0, 0.0, 0.0, 0.0, 0.0, 0.0, 0.0,
            0.0, 0.0, 0.0, 0.0, 0.0, 0.0, 0.0, 0.0, 0.0, 0.0, 0.0, 0.0,
            0.0, 0.0, 0.0, 0.0, 0.0, 0.0, 0.0, 0.0, 0.0, 0.0, 0.0, 0.0,
            0.0, 2.97530496e-04, 0.0, 5.95060992e-04, 0.0,
            5.95060992e-04, 0.0, 2.97530496e-04, 0.0, 2.97530496e-04,
            5.95060992e-04, 2.97530496e-04, 0.0, 0.0, 0.0, 0.0, 0.0, 0.0,
            0.0, 0.0, 2.97530496e-04, 2.97530496e-04, 0.0, 0.0, 0.0, 0.0,
            0.0, 0.0, 0.0, 0.0, 0.0, 0.0, 0.0, 0.0, 0.0, 0.0, 0.0, 0.0,
            0.0, 0.0, 0.0, 0.0, 0.0, 0.0, 0.0, 0.0, 0.0, 0.0, 0.0, 0.0,
            0.0, 0.0, 0.0, 0.0, 0.0, 0.0, 2.97530496e-04, 8.92591488e-04,
            8.92591488e-04, 0.0, 1.19012198e-03, 1.78518298e-03,
            1.19012198e-03, 2.67777452e-03, 2.38024397e-03,
            1.78518298e-03, 2.08271341e-03, 2.97530508e-03,
            8.92591488e-04, 2.97530508e-03, 2.67777452e-03,
            2.67777452e-03, 1.78518298e-03, 2.97530508e-03,
            2.67777452e-03, 1.78518298e-03, 2.97530508e-03,
            3.86789651e-03, 3.86789651e-03, 5.95061015e-03,
            6.84320135e-03, 4.76048794e-03, 1.13061592e-02,
            1.39839333e-02, 1.13061592e-02, 9.22344532e-03,
            7.14073190e-03, 2.67777452e-03, 2.08271341e-03,
            5.95060992e-04, 1.78518298e-03, 5.95060992e-04,
            2.97530496e-04, 2.97530496e-04, 5.95060992e-04,
            5.95060992e-04, 0.0, 0.0, 2.97530496e-04, 0.0, 0.0, 0.0, 0.0,
            0.0, 0.0, 0.0, 0.0, 0.0, 0.0, 0.0, 0.0, 0.0, 0.0, 0.0, 0.0,
            0.0, 0.0, 0.0, 2.97530496e-04, 1.48765254e-03,
            1.48765254e-03, 2.38024397e-03, 1.19012198e-03,
            2.97530508e-03, 5.05801849e-03, 3.27283540e-03,
            8.92591488e-04, 5.35554904e-03, 2.97530508e-03,
            3.27283540e-03, 4.76048794e-03, 3.57036595e-03,
            3.57036595e-03, 2.97530508e-03, 2.67777452e-03,
            5.05801849e-03, 2.38024397e-03, 2.97530508e-03,
            2.67777452e-03, 6.24814024e-03, 1.78518298e-03,
            1.48765254e-03, 3.86789651e-03, 5.95060992e-04,
            1.48765254e-03, 5.95060992e-04, 1.78518298e-03,
            1.48765254e-03, 8.92591488e-04, 2.08271341e-03,
            1.78518298e-03, 5.95060992e-04, 5.95060992e-04, 0.0,
            2.97530496e-04, 0.0, 0.0, 0.0, 0.0, 0.0, 0.0, 0.0, 0.0, 0.0,
            0.0, 0.0, 0.0, 0.0, 0.0, 0.0, 2.97530496e-04, 0.0, 0.0, 0.0,
            0.0, 0.0, 0.0, 2.97530496e-04, 5.95060992e-04,
            5.95060992e-04, 8.92591488e-04, 8.92591488e-04,
            1.78518298e-03, 1.48765254e-03, 3.86789651e-03,
            1.19012198e-03, 2.38024397e-03, 2.67777452e-03,
            2.38024397e-03, 2.08271341e-03, 2.97530508e-03,
            3.86789651e-03, 5.95060992e-04, 1.78518298e-03,
            1.78518298e-03, 2.67777452e-03, 1.19012198e-03,
            1.78518298e-03, 8.92591488e-04, 4.76048794e-03,
            1.19012198e-03, 2.08271341e-03, 2.67777452e-03,
            8.92591488e-04, 1.48765254e-03, 5.95060992e-04,
            2.97530496e-04, 2.97530496e-04, 0.0, 5.95060992e-04,
            8.92591488e-04, 0.0, 2.97530496e-04, 0.0, 2.97530496e-04,
            0.0, 0.0, 0.0, 0.0, 0.0, 0.0, 0.0, 0.0, 0.0, 0.0, 0.0, 0.0,
            0.0, 0.0, 0.0, 0.0, 0.0, 2.97530496e-04, 0.0, 0.0, 0.0,
            8.92591488e-04, 5.95060992e-04, 0.0, 2.97530496e-04,
            1.19012198e-03, 1.19012198e-03, 1.19012198e-03, 0.0,
            8.92591488e-04, 2.97530496e-04, 8.92591488e-04,
            1.48765254e-03, 2.97530496e-04, 2.08271341e-03,
            8.92591488e-04, 2.08271341e-03, 1.48765254e-03,
            2.67777452e-03, 1.78518298e-03, 3.27283540e-03,
            5.65307960e-03, 4.46295738e-03, 5.95061015e-03,
            1.10086286e-02, 8.92591476e-03, 5.95061015e-03,
            1.78518295e-02, 1.81493610e-02, 2.46950313e-02,
            3.51085998e-02, 4.76048812e-02, 2.43974999e-02,
            1.04135675e-02, 3.57036595e-03, 2.97530496e-04, 0.0, 0.0,
            0.0, 0.0, 0.0, 0.0, 0.0, 0.0, 0.0, 0.0, 0.0, 0.0, 0.0, 0.0,
            0.0, 0.0, 0.0, 0.0, 0.0, 0.0, 0.0, 0.0, 0.0, 0.0,
            2.97530496e-04, 2.97530496e-04, 2.97530496e-04,
            8.92591488e-04, 0.0, 8.92591488e-04, 2.97530496e-04,
            8.92591488e-04, 0.0, 2.97530496e-04, 1.48765254e-03,
            2.97530496e-04, 1.19012198e-03, 8.92591488e-04,
            2.67777452e-03, 5.95060992e-04, 3.27283540e-03,
            2.38024397e-03, 2.38024397e-03, 1.78518298e-03,
            2.97530508e-03, 4.46295738e-03, 2.08271341e-03,
            1.48765254e-03, 3.27283540e-03, 2.67777452e-03,
            1.78518298e-03, 3.27283540e-03, 5.95060992e-04,
            5.95060992e-04, 5.95060992e-04, 2.97530496e-04,
            5.95060992e-04, 2.97530496e-04, 0.0, 0.0, 0.0, 0.0, 0.0, 0.0,
            0.0, 0.0, 0.0, 0.0, 0.0, 0.0, 0.0, 0.0, 0.0, 0.0, 0.0, 0.0,
            0.0, 0.0, 0.0, 0.0, 0.0, 0.0, 0.0, 0.0, 8.92591488e-04,
            2.97530496e-04, 0.0, 5.95060992e-04, 8.92591488e-04, 0.0,
            1.19012198e-03, 8.92591488e-04, 1.19012198e-03,
            1.19012198e-03, 1.78518298e-03, 5.95060992e-04,
            3.86789651e-03, 3.86789651e-03, 1.48765254e-03,
            1.48765254e-03, 2.38024397e-03, 8.92591488e-04,
            2.97530508e-03, 1.48765254e-03, 2.08271341e-03,
            2.97530496e-04, 1.19012198e-03, 2.97530496e-04,
            5.95060992e-04, 0.0, 0.0, 0.0, 0.0, 0.0, 0.0, 0.0,
            2.97530496e-04, 0.0, 0.0, 0.0, 0.0, 0.0, 0.0, 0.0, 0.0, 0.0,
            0.0, 0.0, 0.0, 0.0, 0.0, 0.0, 0.0, 0.0, 0.0, 0.0, 0.0, 0.0,
            0.0, 0.0, 0.0, 2.97530496e-04, 0.0, 2.97530496e-04,
            2.97530496e-04, 8.92591488e-04, 2.97530496e-04,
            1.48765254e-03, 1.19012198e-03, 5.95060992e-04,
            8.92591488e-04, 2.97530496e-04, 8.92591488e-04,
            1.78518298e-03, 8.92591488e-04, 2.97530496e-04,
            1.19012198e-03, 8.92591488e-04, 2.97530496e-04,
            8.92591488e-04, 5.95060992e-04, 5.95060992e-04,
            5.95060992e-04, 5.95060992e-04, 2.97530496e-04, 0.0, 0.0,
            0.0, 2.97530496e-04, 0.0, 0.0, 0.0, 0.0, 0.0, 0.0, 0.0, 0.0,
            0.0, 0.0, 0.0, 0.0, 0.0, 0.0, 0.0, 0.0, 0.0, 0.0, 0.0, 0.0,
            0.0, 0.0, 0.0, 0.0, 0.0, 0.0, 0.0, 0.0, 0.0, 0.0, 0.0, 0.0,
            1.19012198e-03, 0.0, 2.97530496e-04, 0.0, 1.19012198e-03,
            5.95060992e-04, 2.97530496e-04, 5.95060992e-04,
            1.48765254e-03, 1.19012198e-03, 1.19012198e-03,
            5.95060992e-04, 1.48765254e-03, 1.19012198e-03,
            8.92591488e-04, 1.48765254e-03, 2.38024397e-03,
            8.92591488e-04, 0.0, 8.92591488e-04, 2.97530496e-04, 0.0,
            2.97530496e-04, 0.0, 0.0, 0.0, 0.0, 0.0, 0.0, 0.0, 0.0, 0.0,
            0.0, 0.0, 0.0, 0.0, 0.0, 0.0, 0.0, 0.0, 0.0, 0.0, 0.0, 0.0,
            0.0, 0.0, 0.0, 0.0, 0.0, 0.0, 0.0, 0.0, 0.0, 0.0, 0.0, 0.0,
            0.0, 0.0, 0.0, 2.97530496e-04, 2.97530496e-04,
            8.92591488e-04, 8.92591488e-04, 2.97530496e-04,
            5.95060992e-04, 5.95060992e-04, 1.48765254e-03,
            1.19012198e-03, 8.92591488e-04, 0.0, 5.95060992e-04,
            2.38024397e-03, 5.95060992e-04, 8.92591488e-04,
            1.48765254e-03, 2.97530496e-04, 2.97530496e-04, 0.0, 0.0,
