{
    "h": {
        "type_id": "opencv-matrix",
        "rows": 50,
        "cols": 60,
        "dt": "f",
        "data": [ 4.49131519e-01, 1.24069478e-03, 0.0, 0.0,
            1.24069478e-03, 2.48138956e-03, 8.68486334e-03,
            3.72208422e-03, 1.24069478e-03, 3.72208422e-03, 0.0, 0.0,
            2.48138956e-03, 1.24069478e-03, 0.0, 0.0, 0.0,
            1.24069478e-03, 0.0, 0.0, 0.0, 0.0, 0.0, 0.0, 0.0, 0.0, 0.0,
            0.0, 0.0, 0.0, 0.0, 0.0, 0.0, 0.0, 0.0, 0.0, 0.0, 0.0, 0.0,
            0.0, 0.0, 0.0, 0.0, 0.0, 0.0, 0.0, 0.0, 0.0, 0.0, 0.0, 0.0,
            0.0, 0.0, 0.0, 0.0, 0.0, 0.0, 0.0, 0.0, 0.0, 0.0,
            2.48138956e-03, 2.48138956e-03, 3.72208422e-03,
            1.11662531e-02, 1.61290318e-02, 2.72952858e-02,
            3.72208422e-03, 2.48138956e-03, 1.24069478e-03,
            7.44416844e-03, 3.72208422e-03, 1.24069478e-03,
            1.24069478e-03, 2.48138956e-03, 0.0, 1.24069478e-03,
            1.24069478e-03, 6.20347401e-03, 3.72208422e-03,
            2.48138956e-03, 1.24069478e-03, 1.24069478e-03, 0.0, 0.0,
            0.0, 0.0, 0.0, 0.0, 0.0, 0.0, 0.0, 0.0, 0.0, 0.0,
            1.24069478e-03, 0.0, 3.72208422e-03, 3.72208422e-03, 0.0,
            1.24069478e-03, 0.0, 0.0, 0.0, 0.0, 0.0, 0.0, 0.0, 0.0, 0.0,
            0.0, 0.0, 0.0, 0.0, 0.0, 0.0, 0.0, 0.0, 0.0, 0.0, 0.0, 0.0,
            0.0, 0.0, 0.0, 0.0, 1.24069478e-03, 0.0, 1.24069478e-03,
            4.96277912e-03, 6.20347401e-03, 2.48138956e-03,
            1.24069478e-03, 4.96277912e-03, 6.20347401e-03,
            6.20347401e-03, 6.20347401e-03, 2.48138956e-03,
            2.48138956e-03, 1.24069478e-03, 2.48138956e-03,
            1.24069478e-03, 4.96277912e-03, 0.0, 1.24069478e-03, 0.0,
            2.48138956e-03, 2.48138956e-03, 2.48138956e-03,
            2.48138956e-03, 3.72208422e-03, 1.24069478e-03,
            4.96277912e-03, 6.20347401e-03, 6.20347401e-03,
            8.68486334e-03, 1.11662531e-02, 1.61290318e-02,
            1.86104216e-02, 1.73697267e-02, 1.48883369e-02,
            1.24069480e-02, 3.72208422e-03, 1.11662531e-02,
            3.72208422e-03, 3.72208422e-03, 1.24069478e-03,
            1.24069478e-03, 1.24069478e-03, 2.48138956e-03,
            2.48138956e-03, 0.0, 0.0, 0.0, 0.0, 0.0, 0.0, 0.0, 0.0,
            1.24069478e-03, 0.0, 0.0, 3.72208422e-03, 4.96277912e-03,
            6.20347401e-03, 1.86104216e-02, 4.71464023e-02,
            4.46650125e-02, 3.34987603e-02, 1.86104216e-02,
            1.98511165e-02, 3.22580636e-02, 1.98511165e-02,
            1.73697267e-02, 1.73697267e-02, 1.48883369e-02,
            9.92555823e-03, 9.92555823e-03, 1.73697267e-02,
            8.68486334e-03, 7.44416844e-03, 1.11662531e-02,
            1.61290318e-02, 1.24069480e-02, 1.24069480e-02,
            1.24069480e-02, 1.61290318e-02, 1.73697267e-02,
            1.61290318e-02, 1.61290318e-02, 1.98511165e-02,
            1.86104216e-02, 1.86104216e-02, 2.72952858e-02,
            1.86104216e-02, 3.97022329e-02, 4.34243158e-02,
            5.58312647e-02, 6.45161271e-02, 4.71464023e-02,
            5.21091819e-02, 5.58312647e-02, 3.34987603e-02,
            1.98511165e-02, 2.60545909e-02, 1.36476429e-02,
            3.72208422e-03, 4.96277912e-03, 8.68486334e-03,
            3.72208422e-03, 1.24069478e-03, 6.20347401e-03, 0.0,
            6.20347401e-03, 0.0, 1.24069478e-03, 0.0, 0.0, 0.0,
            1.24069478e-03, 0.0, 0.0, 0.0, 3.72208422e-03,
            2.48138956e-03, 2.48138956e-03, 2.48138956e-03,
            9.92555823e-03, 1.24069480e-02, 1.73697267e-02,
            1.98511165e-02, 1.98511165e-02, 1.86104216e-02,
            1.86104216e-02, 2.97766738e-02, 4.71464023e-02,
            1.61290318e-02, 1.61290318e-02, 4.09429260e-02,
            3.10173687e-02, 2.35732011e-02, 1.36476429e-02,
            3.72208431e-02, 1.98511165e-02, 1.73697267e-02,
            1.73697267e-02, 2.23325063e-02, 7.44416844e-03,
            1.11662531e-02, 8.68486334e-03, 1.73697267e-02,
            4.96277912e-03, 7.44416844e-03, 1.24069480e-02,
            7.44416844e-03, 1.24069480e-02, 8.68486334e-03,
            6.20347401e-03, 3.72208422e-03, 2.48138956e-03,
            3.72208422e-03, 4.96277912e-03, 4.96277912e-03,
            2.48138956e-03, 8.68486334e-03, 3.72208422e-03, 0.0, 0.0,
            1.24069478e-03, 1.24069478e-03, 1.24069478e-03,
            1.24069478e-03, 1.24069478e-03, 0.0, 1.24069478e-03,
            1.24069478e-03, 0.0, 0.0, 0.0, 1.24069478e-03, 0.0,
            2.48138956e-03, 7.94044659e-02, 2.13399500e-01,
            3.47394533e-02, 2.35732011e-02, 3.22580636e-02,
            5.45905717e-02, 5.58312647e-02, 3.47394533e-02,
            5.70719615e-02, 7.19603002e-02, 6.32754341e-02,
            7.94044659e-02, 9.55334976e-02, 1.07940443e-01,
            7.44416863e-02, 6.94789067e-02, 8.18858519e-02,
            7.69230798e-02, 7.07195997e-02, 7.94044659e-02,
            1.16625309e-01, 1.06699750e-01, 1.33995041e-01,
            1.32754341e-01, 1.55086845e-01, 1.05459057e-01,
            6.82382137e-02, 6.20347373e-02, 7.56823793e-02,
            4.46650125e-02, 3.72208431e-02, 3.22580636e-02,
            2.85359807e-02, 6.20347401e-03, 8.68486334e-03,
            9.92555823e-03, 2.48138956e-03, 3.72208422e-03,
            3.72208422e-03, 2.48138956e-03, 1.24069478e-03,
            1.24069478e-03, 3.72208422e-03, 0.0, 0.0, 0.0, 0.0, 0.0,
            1.24069478e-03, 1.24069478e-03, 0.0, 1.24069478e-03, 0.0,
            0.0, 0.0, 0.0, 0.0, 3.72208422e-03, 0.0, 4.96277912e-03,
            8.68486334e-03, 2.35732011e-02, 1.25310168e-01,
            1.94789082e-01, 1.63771704e-01, 1.05459057e-01,
            4.46650125e-02, 3.72208431e-02, 5.21091819e-02,
            6.07940443e-02, 7.69230798e-02, 7.69230798e-02,
            7.44416863e-02, 1.42679900e-01, 8.18858519e-02,
            9.18114111e-02, 1.11662529e-01, 9.05707181e-02,
            7.69230798e-02, 9.30521116e-02, 1.01736970e-01,
            6.45161271e-02, 5.58312647e-02, 7.69230798e-02,
            6.07940443e-02, 4.46650125e-02, 4.09429260e-02,
            2.72952858e-02, 4.21836227e-02, 2.60545909e-02,
            1.73697267e-02, 2.35732011e-02, 9.92555823e-03,
            8.68486334e-03, 6.20347401e-03, 6.20347401e-03,
            2.48138956e-03, 3.72208422e-03, 6.20347401e-03,
            6.20347401e-03, 3.72208422e-03, 1.24069478e-03, 0.0,
            1.24069478e-03, 1.11662531e-02, 0.0, 1.24069478e-03, 0.0,
            1.24069478e-03, 1.24069478e-03, 0.0, 1.24069478e-03, 0.0,
            0.0, 0.0, 0.0, 0.0, 2.48138956e-03, 0.0, 0.0, 0.0,
            1.24069478e-03, 1.61290318e-02, 2.10918114e-02,
            3.10173687e-02, 2.72952858e-02, 1.73697267e-02,
            1.98511165e-02, 1.73697267e-02, 2.23325063e-02,
            2.48138960e-02, 3.22580636e-02, 2.97766738e-02,
            5.83126545e-02, 2.97766738e-02, 2.97766738e-02,
            3.10173687e-02, 2.48138960e-02, 2.48138960e-02,
            1.61290318e-02, 2.72952858e-02, 1.24069480e-02,
            9.92555823e-03, 9.92555823e-03, 9.92555823e-03,
            3.72208422e-03, 4.96277912e-03, 8.68486334e-03,
            4.96277912e-03, 1.24069480e-02, 4.96277912e-03,
            1.36476429e-02, 2.48138956e-03, 1.24069478e-03,
            1.24069478e-03, 6.20347401e-03, 1.11662531e-02,
            7.44416844e-03, 1.11662531e-02, 1.61290318e-02,
            9.92555823e-03, 7.44416844e-03, 1.24069478e-03,
            1.24069478e-03, 0.0, 1.24069478e-03, 0.0, 0.0, 0.0, 0.0, 0.0,
            0.0, 0.0, 0.0, 0.0, 0.0, 0.0, 0.0, 3.72208422e-03,
            9.67741907e-02, 1.0, 1.83622822e-01, 3.97022329e-02,
            1.73697267e-02, 2.23325063e-02, 5.70719615e-02,
            5.45905717e-02, 4.71464023e-02, 5.21091819e-02,
            4.34243158e-02, 2.23325063e-02, 2.72952858e-02,
            2.10918114e-02, 1.98511165e-02, 1.36476429e-02,
            2.10918114e-02, 1.11662531e-02, 4.96277912e-03,
            8.68486334e-03, 3.72208422e-03, 6.20347401e-03,
