{
    "h": {
        "type_id": "opencv-matrix",
        "rows": 50,
        "cols": 60,
        "dt": "f",
        "data": [ 0.0, 0.0, 0.0, 0.0, 0.0, 0.0, 0.0, 0.0, 0.0, 0.0, 0.0,
            0.0, 0.0, 0.0, 0.0, 0.0, 0.0, 0.0, 0.0, 0.0, 0.0, 0.0, 0.0,
            0.0, 0.0, 0.0, 0.0, 0.0, 0.0, 0.0, 0.0, 0.0, 0.0, 0.0, 0.0,
            0.0, 0.0, 0.0, 0.0, 0.0, 0.0, 0.0, 0.0, 0.0, 0.0, 0.0, 0.0,
            0.0, 0.0, 0.0, 0.0, 0.0, 0.0, 0.0, 0.0, 0.0, 0.0, 0.0, 0.0,
            0.0, 0.0, 0.0, 0.0, 0.0, 0.0, 0.0, 0.0, 0.0, 0.0, 0.0, 0.0,
            0.0, 0.0, 0.0, 0.0, 0.0, 0.0, 0.0, 0.0, 0.0, 0.0, 0.0, 0.0,
            0.0, 0.0, 0.0, 0.0, 0.0, 0.0, 0.0, 0.0, 0.0, 0.0, 0.0, 0.0,
            0.0, 0.0, 0.0, 0.0, 0.0, 0.0, 0.0, 0.0, 0.0, 0.0, 0.0, 0.0,
            0.0, 0.0, 0.0, 0.0, 0.0, 0.0, 0.0, 0.0, 0.0, 0.0, 0.0, 0.0,
            0.0, 0.0, 0.0, 0.0, 0.0, 0.0, 0.0, 0.0, 0.0, 0.0, 0.0, 0.0,
            0.0, 0.0, 0.0, 0.0, 0.0, 0.0, 0.0, 0.0, 0.0, 0.0, 0.0, 0.0,
            0.0, 0.0, 0.0, 0.0, 0.0, 0.0, 0.0, 0.0, 0.0, 0.0, 0.0, 0.0,
            0.0, 0.0, 0.0, 0.0, 0.0, 0.0, 0.0, 0.0, 0.0, 0.0, 0.0, 0.0,
            0.0, 0.0, 0.0, 0.0, 0.0, 0.0, 0.0, 0.0, 0.0, 0.0, 0.0, 0.0,
            0.0, 0.0, 0.0, 0.0, 0.0, 0.0, 0.0, 0.0, 0.0, 0.0, 0.0, 0.0,
            0.0, 0.0, 0.0, 0.0, 0.0, 0.0, 0.0, 0.0, 0.0, 0.0, 0.0, 0.0,
            0.0, 0.0, 0.0, 0.0, 0.0, 0.0, 0.0, 0.0, 2.07900209e-03, 0.0,
            0.0, 0.0, 0.0, 0.0, 2.07900209e-03, 0.0, 0.0, 0.0, 0.0, 0.0,
            0.0, 0.0, 0.0, 0.0, 0.0, 0.0, 0.0, 0.0, 0.0, 0.0, 0.0, 0.0,
            0.0, 0.0, 0.0, 0.0, 0.0, 0.0, 0.0, 0.0, 0.0, 0.0, 0.0, 0.0,
            0.0, 0.0, 0.0, 0.0, 0.0, 0.0, 0.0, 0.0, 0.0, 0.0, 0.0, 0.0,
            0.0, 0.0, 0.0, 4.15800419e-03, 2.07900209e-03, 0.0, 0.0,
            4.15800419e-03, 4.15800419e-03, 4.15800419e-03,
            6.23700628e-03, 6.23700628e-03, 4.15800419e-03,
            4.15800419e-03, 2.07900209e-03, 2.07900209e-03,
            4.15800419e-03, 2.07900209e-03, 2.07900209e-03,
            4.15800419e-03, 2.07900209e-03, 2.07900209e-03, 0.0,
            4.15800419e-03, 2.07900209e-03, 0.0, 0.0, 0.0, 0.0, 0.0, 0.0,
            0.0, 0.0, 0.0, 0.0, 0.0, 0.0, 0.0, 0.0, 0.0, 0.0, 0.0, 0.0,
            0.0, 0.0, 0.0, 0.0, 0.0, 0.0, 0.0, 0.0, 0.0, 0.0, 0.0, 0.0,
            0.0, 0.0, 0.0, 0.0, 0.0, 0.0, 2.07900209e-03, 6.23700628e-03,
            6.23700628e-03, 1.03950109e-02, 6.23700628e-03,
            8.31600837e-03, 8.31600837e-03, 4.15800419e-03,
            4.15800419e-03, 1.03950109e-02, 1.45530142e-02,
            1.45530142e-02, 1.03950109e-02, 8.31600837e-03,
            2.07900209e-03, 6.23700628e-03, 6.23700628e-03,
            4.15800419e-03, 1.03950109e-02, 0.0, 2.07900209e-03, 0.0,
            2.07900209e-03, 2.07900209e-03, 0.0, 0.0, 0.0, 0.0, 0.0, 0.0,
            0.0, 0.0, 0.0, 0.0, 0.0, 0.0, 0.0, 0.0, 0.0, 0.0, 0.0, 0.0,
            0.0, 0.0, 0.0, 0.0, 0.0, 0.0, 0.0, 0.0, 0.0, 0.0, 0.0, 0.0,
            0.0, 0.0, 6.23700628e-03, 2.07900209e-03, 2.07900209e-03,
            4.15800419e-03, 1.24740126e-02, 4.15800419e-03,
            8.31600837e-03, 1.03950109e-02, 1.03950109e-02,
            1.03950109e-02, 1.24740126e-02, 1.66320167e-02,
            1.24740126e-02, 2.07900219e-02, 2.07900219e-02,
            4.15800419e-03, 1.45530142e-02, 1.66320167e-02,
            1.24740126e-02, 1.03950109e-02, 1.24740126e-02,
            8.31600837e-03, 2.07900209e-03, 2.07900209e-03,
            4.15800419e-03, 0.0, 0.0, 0.0, 0.0, 0.0, 0.0, 0.0, 0.0, 0.0,
            0.0, 0.0, 0.0, 0.0, 0.0, 0.0, 0.0, 0.0, 0.0, 0.0, 0.0, 0.0,
            0.0, 0.0, 0.0, 0.0, 0.0, 0.0, 0.0, 0.0, 2.07900209e-03, 0.0,
            0.0, 0.0, 6.23700628e-03, 4.15800419e-03, 0.0,
            1.24740126e-02, 8.31600837e-03, 6.23700628e-03,
            1.03950109e-02, 1.45530142e-02, 2.28690226e-02,
            1.24740126e-02, 2.28690226e-02, 2.28690226e-02,
            3.95010412e-02, 1.87110193e-02, 1.66320167e-02,
            1.24740126e-02, 2.07900219e-02, 8.31600837e-03,
            1.03950109e-02, 4.15800419e-03, 4.15800419e-03, 0.0,
            2.07900209e-03, 0.0, 1.03950109e-02, 2.28690226e-02,
            2.07900219e-02, 4.78170477e-02, 5.61330579e-02,
            1.66320167e-02, 0.0, 0.0, 0.0, 0.0, 0.0, 0.0, 0.0, 0.0, 0.0,
            0.0, 0.0, 0.0, 0.0, 0.0, 0.0, 0.0, 0.0, 0.0, 0.0, 0.0, 0.0,
            0.0, 0.0, 0.0, 0.0, 2.07900209e-03, 0.0, 0.0, 2.07900209e-03,
            2.07900209e-03, 4.15800419e-03, 8.31600837e-03,
            1.66320167e-02, 8.31600837e-03, 2.49480251e-02,
            1.03950109e-02, 3.11850309e-02, 2.91060284e-02,
            7.90020823e-02, 6.44490644e-02, 6.23700619e-02,
            3.74220386e-02, 5.61330579e-02, 2.70270277e-02,
            2.70270277e-02, 3.32640335e-02, 5.19750528e-02,
            3.32640335e-02, 1.24740126e-02, 3.95010412e-02,
            2.07900219e-02, 2.28690226e-02, 3.32640335e-02,
            7.69230798e-02, 2.28690226e-02, 4.15800419e-03,
            2.28690226e-02, 1.87110193e-02, 2.07900209e-03, 0.0, 0.0,
            0.0, 0.0, 0.0, 0.0, 0.0, 0.0, 0.0, 0.0, 0.0, 0.0, 0.0, 0.0,
            0.0, 0.0, 0.0, 0.0, 0.0, 0.0, 0.0, 0.0, 0.0, 2.07900209e-03,
            2.07900209e-03, 0.0, 2.07900209e-03, 6.23700628e-03,
            4.15800419e-03, 1.45530142e-02, 4.15800419e-03,
            8.31600837e-03, 1.24740126e-02, 8.31600837e-03,
            1.24740126e-02, 1.87110193e-02, 3.53430361e-02,
            3.95010412e-02, 4.57380451e-02, 1.18503116e-01,
            8.73180851e-02, 1.12266116e-01, 1.20582119e-01,
            2.26611227e-01, 2.05821201e-01, 2.70270258e-01,
            2.37006232e-01, 3.26403320e-01, 1.95426196e-01,
            8.52390826e-02, 5.61330579e-02, 1.66320167e-02,
            6.23700628e-03, 2.07900209e-03, 8.31600837e-03,
            4.15800419e-03, 0.0, 0.0, 0.0, 0.0, 0.0, 0.0, 0.0, 0.0, 0.0,
            0.0, 0.0, 0.0, 0.0, 0.0, 0.0, 0.0, 0.0, 0.0, 0.0, 0.0, 0.0,
            0.0, 0.0, 0.0, 0.0, 0.0, 0.0, 0.0, 0.0, 6.23700628e-03, 0.0,
            6.23700628e-03, 2.07900209e-03, 0.0, 8.31600837e-03,
            4.15800419e-03, 1.66320167e-02, 1.24740126e-02,
            6.23700628e-03, 2.49480251e-02, 3.74220386e-02,
            4.57380451e-02, 6.65280670e-02, 1.99584201e-01,
            1.78794175e-01, 2.34927237e-01, 3.70062381e-01, 1.0,
            7.90020823e-01, 8.48232865e-01, 9.31392908e-01,
            8.29521835e-01, 4.34511423e-01, 1.74636170e-01,
            5.19750528e-02, 6.23700628e-03, 0.0, 0.0, 0.0, 0.0, 0.0, 0.0,
            0.0, 0.0, 0.0, 0.0, 0.0, 0.0, 0.0, 0.0, 0.0, 0.0, 0.0, 0.0,
            0.0, 0.0, 0.0, 0.0, 0.0, 0.0, 0.0, 0.0, 0.0, 0.0, 0.0, 0.0,
            0.0, 0.0, 0.0, 0.0, 0.0, 0.0, 0.0, 2.07900209e-03,
            2.07900209e-03, 1.24740126e-02, 1.03950109e-02,
            1.66320167e-02, 3.11850309e-02, 4.15800437e-02,
            4.57380451e-02, 3.53430361e-02, 5.61330579e-02,
            7.27650747e-02, 1.37214139e-01, 1.74636170e-01,
            2.20374227e-01, 3.05613309e-01, 2.24532232e-01,
            1.20582119e-01, 8.31600875e-02, 4.78170477e-02,
            1.87110193e-02, 1.66320167e-02, 1.24740126e-02,
            1.03950109e-02, 4.15800419e-03, 2.07900209e-03,
            2.07900209e-03, 0.0, 0.0, 0.0, 0.0, 0.0, 0.0, 0.0, 0.0, 0.0,
            0.0, 0.0, 0.0, 0.0, 0.0, 0.0, 0.0, 0.0, 0.0, 0.0, 0.0, 0.0,
            0.0, 0.0, 0.0, 0.0, 0.0, 0.0, 0.0, 0.0, 0.0, 0.0, 0.0, 0.0,
            0.0, 0.0, 2.07900209e-03, 6.23700628e-03, 1.45530142e-02,
            3.11850309e-02, 1.87110193e-02, 2.49480251e-02,
            2.70270277e-02, 2.49480251e-02, 2.91060284e-02,
            6.02910593e-02, 7.48440772e-02, 7.90020823e-02,
            8.10810849e-02, 9.77130979e-02, 6.23700619e-02,
            6.86070696e-02, 7.06860721e-02, 4.57380451e-02,
            1.87110193e-02, 1.45530142e-02, 1.45530142e-02,
            4.15800419e-03, 0.0, 2.07900209e-03, 6.23700628e-03, 0.0,
            0.0, 0.0, 0.0, 0.0, 0.0, 0.0, 0.0, 0.0, 0.0, 0.0, 0.0, 0.0,
