{
    "h": {
        "type_id": "opencv-matrix",
        "rows": 50,
        "cols": 60,
        "dt": "f",
        "data": [ 0.0, 0.0, 0.0, 6.08519278e-03, 0.0, 0.0, 0.0, 0.0, 0.0,
            0.0, 0.0, 0.0, 0.0, 0.0, 0.0, 0.0, 0.0, 0.0, 0.0, 0.0, 0.0,
            0.0, 0.0, 0.0, 0.0, 0.0, 0.0, 0.0, 0.0, 0.0, 0.0, 0.0, 0.0,
            0.0, 0.0, 0.0, 0.0, 0.0, 0.0, 0.0, 0.0, 0.0, 0.0, 0.0, 0.0,
            0.0, 0.0, 0.0, 0.0, 0.0, 0.0, 0.0, 0.0, 0.0, 0.0, 0.0, 0.0,
            0.0, 0.0, 0.0, 0.0, 0.0, 2.02839752e-03, 6.08519278e-03, 0.0,
            0.0, 0.0, 0.0, 0.0, 0.0, 0.0, 0.0, 0.0, 0.0, 0.0,
            2.02839752e-03, 0.0, 2.02839752e-03, 0.0, 2.02839752e-03,
            0.0, 0.0, 0.0, 0.0, 0.0, 0.0, 0.0, 2.02839752e-03, 0.0,
            2.02839752e-03, 0.0, 0.0, 0.0, 0.0, 0.0, 0.0, 0.0, 0.0, 0.0,
            0.0, 0.0, 0.0, 0.0, 0.0, 0.0, 0.0, 0.0, 0.0, 0.0, 0.0, 0.0,
            0.0, 0.0, 0.0, 0.0, 0.0, 0.0, 0.0, 0.0, 0.0, 0.0, 0.0, 0.0,
            2.23123729e-02, 4.05679503e-03, 2.02839752e-03,
            2.02839752e-03, 0.0, 0.0, 0.0, 0.0, 0.0, 2.02839752e-03,
            2.02839752e-03, 0.0, 4.05679503e-03, 2.02839752e-03,
            2.02839752e-03, 0.0, 0.0, 0.0, 0.0, 4.05679503e-03, 0.0, 0.0,
            0.0, 0.0, 0.0, 0.0, 0.0, 0.0, 6.08519278e-03, 2.02839752e-03,
            2.02839752e-03, 0.0, 0.0, 0.0, 0.0, 0.0, 0.0, 0.0, 0.0, 0.0,
            0.0, 0.0, 0.0, 0.0, 0.0, 0.0, 0.0, 0.0, 0.0, 0.0, 0.0, 0.0,
            0.0, 0.0, 0.0, 0.0, 0.0, 0.0, 0.0, 1.21703856e-02,
            3.04259621e-02, 2.63691675e-02, 1.21703856e-02,
            8.11359007e-03, 6.08519278e-03, 0.0, 4.05679503e-03, 0.0,
            6.08519278e-03, 2.02839752e-03, 6.08519278e-03, 0.0, 0.0,
            6.08519278e-03, 2.02839752e-03, 8.11359007e-03, 0.0,
            4.05679503e-03, 0.0, 0.0, 0.0, 0.0, 4.05679503e-03,
            6.08519278e-03, 2.02839752e-03, 4.05679503e-03,
            6.08519278e-03, 2.02839752e-03, 4.05679503e-03,
            6.08519278e-03, 2.02839752e-03, 4.05679503e-03,
            2.02839752e-03, 0.0, 0.0, 0.0, 0.0, 0.0, 0.0, 0.0, 0.0, 0.0,
            0.0, 0.0, 0.0, 0.0, 0.0, 0.0, 0.0, 0.0, 0.0, 2.02839752e-03,
            0.0, 0.0, 0.0, 0.0, 0.0, 0.0, 0.0, 0.0, 3.24543603e-02,
            3.44827585e-02, 2.23123729e-02, 1.41987829e-02,
            1.41987829e-02, 8.11359007e-03, 8.11359007e-03,
            8.11359007e-03, 4.05679503e-03, 6.08519278e-03,
            6.08519278e-03, 2.02839752e-03, 4.05679503e-03,
            1.01419874e-02, 6.08519278e-03, 0.0, 6.08519278e-03,
            4.05679503e-03, 0.0, 8.11359007e-03, 4.05679503e-03,
            4.05679503e-03, 8.11359007e-03, 1.62271801e-02,
            4.05679503e-03, 1.01419874e-02, 3.65111567e-02,
            4.46247458e-02, 4.05679494e-02, 2.83975657e-02,
            2.23123729e-02, 1.41987829e-02, 6.08519278e-03,
            8.11359007e-03, 1.62271801e-02, 1.21703856e-02,
            4.05679503e-03, 8.11359007e-03, 0.0, 0.0, 0.0, 0.0, 0.0,
            2.02839752e-03, 0.0, 2.02839752e-03, 4.05679503e-03, 0.0,
            0.0, 2.02839752e-03, 2.02839752e-03, 0.0, 0.0, 0.0, 0.0, 0.0,
            0.0, 0.0, 0.0, 1.62271801e-02, 4.46247458e-02,
            2.83975657e-02, 3.65111567e-02, 1.82555784e-02,
            1.62271801e-02, 1.01419874e-02, 1.21703856e-02,
            8.11359007e-03, 1.82555784e-02, 8.11359007e-03,
            1.21703856e-02, 1.01419874e-02, 8.11359007e-03,
            8.11359007e-03, 8.11359007e-03, 1.01419874e-02,
            6.08519278e-03, 1.01419874e-02, 1.62271801e-02,
            2.23123729e-02, 1.82555784e-02, 1.82555784e-02,
            1.82555784e-02, 5.27383350e-02, 4.25963476e-02,
            7.91075006e-02, 9.33062881e-02, 1.88640967e-01,
            2.17038527e-01, 1.98782951e-01, 2.43407696e-01,
            1.39959425e-01, 1.05476670e-01, 7.30223134e-02,
            6.49087206e-02, 2.43407711e-02, 2.43407711e-02,
            3.24543603e-02, 3.44827585e-02, 6.08519278e-03,
            1.21703856e-02, 1.01419874e-02, 2.02839752e-03, 0.0,
            2.02839752e-03, 1.41987829e-02, 0.0, 0.0, 2.02839752e-03,
            0.0, 0.0, 2.02839752e-03, 0.0, 4.05679503e-03, 0.0, 0.0, 0.0,
            0.0, 2.02839752e-03, 0.0, 1.01419874e-02, 9.12778899e-02,
            1.62271801e-02, 1.41987829e-02, 1.82555784e-02,
            2.23123729e-02, 6.08519278e-03, 2.02839752e-03,
            1.41987829e-02, 6.08519278e-03, 8.11359007e-03,
            1.41987829e-02, 1.62271801e-02, 8.11359007e-03,
            1.62271801e-02, 4.66531441e-02, 1.62271801e-02,
            6.28803223e-02, 3.44827585e-02, 5.67951314e-02,
            2.23123729e-02, 5.27383350e-02, 3.65111567e-02,
            6.89655170e-02, 3.85395512e-02, 6.49087206e-02,
            6.49087206e-02, 9.33062881e-02, 4.46247458e-02,
            8.31642970e-02, 6.69371188e-02, 4.05679494e-02,
            4.05679494e-02, 2.23123729e-02, 2.63691675e-02,
            3.04259621e-02, 1.41987829e-02, 1.01419874e-02,
            1.01419874e-02, 4.05679503e-03, 0.0, 4.05679503e-03,
            4.05679503e-03, 4.05679503e-03, 0.0, 0.0, 0.0, 0.0, 0.0, 0.0,
            0.0, 0.0, 0.0, 0.0, 0.0, 0.0, 0.0, 0.0, 0.0, 0.0,
            1.21703856e-02, 3.24543603e-02, 2.02839747e-02,
            1.21703856e-02, 2.02839752e-03, 8.11359007e-03,
            1.01419874e-02, 1.01419874e-02, 1.21703856e-02,
            1.01419874e-02, 1.21703856e-02, 1.01419874e-02,
            1.01419874e-02, 6.08519278e-03, 2.02839747e-02,
            5.88235296e-02, 5.67951314e-02, 2.83975657e-02,
            6.28803223e-02, 9.33062881e-02, 4.25963476e-02,
            3.85395512e-02, 4.05679494e-02, 5.27383350e-02,
            3.04259621e-02, 3.85395512e-02, 4.25963476e-02,
            4.66531441e-02, 3.65111567e-02, 3.85395512e-02,
            2.83975657e-02, 8.11359007e-03, 6.08519278e-03,
            1.01419874e-02, 8.11359007e-03, 2.02839752e-03, 0.0,
            4.05679503e-03, 2.02839752e-03, 0.0, 0.0, 0.0, 0.0, 0.0, 0.0,
            0.0, 0.0, 0.0, 2.02839752e-03, 0.0, 0.0, 0.0, 0.0, 0.0, 0.0,
            0.0, 0.0, 0.0, 0.0, 1.82555784e-02, 3.44827585e-02,
            2.02839747e-02, 8.11359007e-03, 1.21703856e-02,
            2.23123729e-02, 2.23123729e-02, 1.21703856e-02,
            1.41987829e-02, 2.23123729e-02, 6.08519278e-03,
            2.02839752e-03, 2.02839752e-03, 1.41987829e-02,
            1.21703856e-02, 8.11359007e-03, 1.82555784e-02,
            2.02839747e-02, 3.04259621e-02, 3.04259621e-02,
            7.91075006e-02, 5.47667332e-02, 8.11358988e-02,
            8.31642970e-02, 7.50507116e-02, 7.09939152e-02,
            5.27383350e-02, 6.89655170e-02, 5.47667332e-02,
            4.46247458e-02, 2.02839747e-02, 1.62271801e-02,
            1.41987829e-02, 8.11359007e-03, 8.11359007e-03,
            4.05679503e-03, 0.0, 6.08519278e-03, 0.0, 2.02839752e-03,
            0.0, 0.0, 0.0, 0.0, 0.0, 0.0, 0.0, 0.0, 0.0, 0.0, 0.0, 0.0,
            0.0, 0.0, 0.0, 0.0, 0.0, 0.0, 0.0, 0.0, 2.02839752e-03,
            1.62271801e-02, 1.62271801e-02, 8.11359007e-03,
            2.43407711e-02, 2.02839747e-02, 1.82555784e-02,
            2.83975657e-02, 1.41987829e-02, 1.62271801e-02,
            8.11359007e-03, 8.11359007e-03, 6.08519278e-03,
            2.02839747e-02, 1.82555784e-02, 1.21703856e-02,
            3.65111567e-02, 3.24543603e-02, 8.31642970e-02,
            7.09939152e-02, 5.27383350e-02, 7.70791024e-02,
            7.91075006e-02, 1.03448272e-01, 1.72413796e-01,
            1.86612576e-01, 1.94726169e-01, 2.04868153e-01,
            1.76470578e-01, 9.53346863e-02, 3.24543603e-02,
            1.41987829e-02, 2.02839752e-03, 6.08519278e-03,
            4.05679503e-03, 0.0, 0.0, 4.05679503e-03, 2.02839752e-03,
            0.0, 0.0, 0.0, 0.0, 4.05679503e-03, 0.0, 2.02839752e-03, 0.0,
            0.0, 0.0, 0.0, 0.0, 0.0, 0.0, 0.0, 0.0, 2.02839752e-03, 0.0,
            0.0, 0.0, 0.0, 0.0, 2.02839752e-03, 6.08519278e-03,
            1.62271801e-02, 8.11359007e-03, 1.01419874e-02,
