{
    "h": {
        "type_id": "opencv-matrix",
        "rows": 50,
        "cols": 60,
        "dt": "f",
        "data": [ 0.0, 0.0, 0.0, 0.0, 0.0, 0.0, 0.0, 0.0, 0.0, 0.0, 0.0,
            0.0, 0.0, 0.0, 0.0, 0.0, 0.0, 0.0, 0.0, 0.0, 0.0, 0.0, 0.0,
            0.0, 0.0, 0.0, 0.0, 0.0, 0.0, 0.0, 0.0, 0.0, 0.0, 0.0, 0.0,
            0.0, 0.0, 0.0, 0.0, 1.26742711e-03, 0.0, 0.0, 0.0, 0.0, 0.0,
            0.0, 0.0, 0.0, 0.0, 0.0, 0.0, 0.0, 0.0, 0.0, 0.0, 0.0, 0.0,
            0.0, 0.0, 0.0, 0.0, 0.0, 0.0, 0.0, 0.0, 0.0, 0.0, 0.0, 0.0,
            0.0, 0.0, 0.0, 0.0, 0.0, 0.0, 0.0, 0.0, 0.0, 0.0, 0.0, 0.0,
            0.0, 0.0, 0.0, 0.0, 0.0, 0.0, 0.0, 0.0, 0.0, 1.26742711e-03,
            1.26742711e-03, 0.0, 1.26742711e-03, 7.60456268e-03,
            6.33713556e-03, 1.64765529e-02, 1.26742711e-02,
            8.87198932e-03, 8.87198932e-03, 5.06970845e-03,
            2.53485423e-03, 0.0, 2.53485423e-03, 0.0, 1.26742711e-03,
            1.26742711e-03, 0.0, 0.0, 0.0, 0.0, 0.0, 0.0, 0.0, 0.0, 0.0,
            0.0, 0.0, 0.0, 0.0, 0.0, 0.0, 0.0, 0.0, 0.0, 0.0, 0.0,
            2.53485423e-03, 0.0, 0.0, 0.0, 0.0, 0.0, 0.0, 0.0, 0.0, 0.0,
            1.26742711e-03, 0.0, 0.0, 0.0, 0.0, 0.0, 0.0, 1.26742711e-03,
            1.26742711e-03, 0.0, 0.0, 2.53485423e-03, 2.53485423e-03,
            8.87198932e-03, 3.80228134e-03, 8.87198932e-03,
            2.66159698e-02, 5.83016463e-02, 8.74524713e-02,
            1.47021547e-01, 2.28136882e-01, 2.02788338e-01,
            1.41951829e-01, 1.05196454e-01, 2.66159698e-02,
            3.80228134e-03, 2.53485423e-03, 1.26742711e-03,
            2.53485423e-03, 0.0, 0.0, 2.53485423e-03, 0.0, 0.0, 0.0, 0.0,
            2.53485423e-03, 0.0, 0.0, 0.0, 0.0, 0.0, 0.0, 0.0, 0.0, 0.0,
            0.0, 0.0, 1.26742711e-03, 1.26742711e-03, 0.0, 0.0, 0.0, 0.0,
            1.26742711e-03, 1.26742711e-03, 0.0, 5.06970845e-03,
            3.80228134e-03, 1.26742711e-03, 1.26742711e-03,
            6.33713556e-03, 3.80228134e-03, 7.60456268e-03,
            2.53485423e-03, 7.60456268e-03, 7.60456268e-03,
            8.87198932e-03, 5.06970845e-03, 5.06970845e-03,
            8.87198932e-03, 1.01394169e-02, 1.39416978e-02,
            1.90114062e-02, 1.77439786e-02, 1.52091254e-02,
            2.40811147e-02, 1.64765529e-02, 2.91508231e-02,
            2.91508231e-02, 2.66159698e-02, 2.91508231e-02,
            1.64765529e-02, 1.01394169e-02, 1.52091254e-02,
            3.80228134e-03, 3.80228134e-03, 7.60456268e-03,
            5.06970845e-03, 1.26742711e-03, 2.53485423e-03,
            2.53485423e-03, 2.53485423e-03, 0.0, 0.0, 0.0,
            1.26742711e-03, 0.0, 1.26742711e-03, 0.0, 0.0, 0.0, 0.0, 0.0,
            0.0, 0.0, 0.0, 0.0, 0.0, 0.0, 2.53485423e-03, 0.0,
            2.53485423e-03, 3.80228134e-03, 2.53485423e-03,
            1.52091254e-02, 6.33713556e-03, 1.77439786e-02,
            1.64765529e-02, 1.14068445e-02, 1.52091254e-02,
            2.02788338e-02, 7.60456268e-03, 1.01394169e-02,
            1.14068445e-02, 1.14068445e-02, 1.39416978e-02,
            6.33713556e-03, 1.39416978e-02, 1.01394169e-02,
            1.01394169e-02, 7.60456268e-03, 1.01394169e-02,
            1.26742711e-02, 1.39416978e-02, 1.39416978e-02,
            1.14068445e-02, 1.14068445e-02, 6.33713556e-03,
            5.06970845e-03, 5.06970845e-03, 0.0, 2.53485423e-03, 0.0,
            2.53485423e-03, 1.26742711e-03, 0.0, 0.0, 1.26742711e-03,
            0.0, 1.26742711e-03, 2.53485423e-03, 0.0, 0.0, 0.0, 0.0, 0.0,
            0.0, 0.0, 0.0, 0.0, 0.0, 0.0, 0.0, 0.0, 0.0, 0.0,
            1.26742711e-03, 0.0, 2.53485423e-03, 5.06970845e-03,
            2.53485423e-03, 0.0, 3.80228134e-03, 6.33713556e-03,
            1.39416978e-02, 1.01394169e-02, 1.01394169e-02,
            1.52091254e-02, 1.01394169e-02, 7.60456268e-03,
            8.87198932e-03, 2.53485423e-03, 2.53485423e-03,
            5.06970845e-03, 1.14068445e-02, 5.06970845e-03,
            3.80228134e-03, 1.01394169e-02, 5.06970845e-03,
            6.33713556e-03, 1.26742711e-03, 8.87198932e-03,
            7.60456268e-03, 6.33713556e-03, 1.39416978e-02,
            1.14068445e-02, 3.80228134e-03, 8.87198932e-03,
            1.01394169e-02, 7.60456268e-03, 5.06970845e-03, 0.0,
            3.80228134e-03, 1.26742711e-03, 0.0, 0.0, 1.26742711e-03,
            1.26742711e-03, 2.53485423e-03, 0.0, 2.53485423e-03, 0.0,
            1.26742711e-03, 1.26742711e-03, 1.26742711e-03, 0.0, 0.0,
            0.0, 0.0, 0.0, 0.0, 0.0, 0.0, 0.0, 0.0, 0.0, 0.0, 0.0,
            5.06970845e-03, 1.01394169e-02, 3.80228134e-03,
            5.06970845e-03, 2.53485423e-03, 1.14068445e-02,
            6.33713556e-03, 1.52091254e-02, 1.26742711e-02,
            5.06970845e-03, 6.33713556e-03, 6.33713556e-03,
            1.26742711e-02, 7.60456268e-03, 1.01394169e-02,
            1.01394169e-02, 1.01394169e-02, 0.0, 7.60456268e-03,
            6.33713556e-03, 2.15462614e-02, 1.14068445e-02,
            1.26742711e-02, 1.52091254e-02, 1.90114062e-02,
            1.52091254e-02, 1.52091254e-02, 2.66159698e-02,
            7.60456268e-03, 1.39416978e-02, 1.52091254e-02,
            1.90114062e-02, 1.39416978e-02, 1.01394169e-02,
            1.14068445e-02, 1.14068445e-02, 3.80228134e-03,
            6.33713556e-03, 3.80228134e-03, 2.53485423e-03,
            1.26742711e-03, 2.53485423e-03, 3.80228134e-03,
            1.26742711e-03, 1.26742711e-03, 2.53485423e-03,
            2.53485423e-03, 0.0, 0.0, 0.0, 1.26742711e-03,
            1.26742711e-03, 1.26742711e-03, 0.0, 0.0, 0.0, 0.0,
            1.26742711e-03, 0.0, 1.26742711e-03, 2.53485423e-03,
            3.80228134e-03, 2.53485423e-03, 2.53485423e-03,
            5.06970845e-03, 8.87198932e-03, 1.26742711e-03,
            2.53485423e-03, 2.53485423e-03, 1.26742711e-03,
            7.60456268e-03, 1.26742711e-03, 5.06970845e-03,
            3.80228134e-03, 2.53485423e-03, 6.33713556e-03,
            1.14068445e-02, 2.53485423e-03, 3.80228134e-03,
            8.87198932e-03, 8.87198932e-03, 3.80228134e-03,
            6.33713556e-03, 1.26742711e-02, 2.15462614e-02,
            1.90114062e-02, 1.26742711e-02, 2.02788338e-02,
            1.14068445e-02, 2.02788338e-02, 7.60456268e-03,
            7.60456268e-03, 8.87198932e-03, 5.06970845e-03,
            3.80228134e-03, 5.06970845e-03, 1.26742711e-03,
            1.26742711e-03, 3.80228134e-03, 1.26742711e-03, 0.0,
            1.26742711e-03, 2.53485423e-03, 1.26742711e-03,
            2.53485423e-03, 0.0, 0.0, 1.26742711e-03, 0.0, 0.0, 0.0, 0.0,
            1.26742711e-03, 0.0, 0.0, 0.0, 0.0, 0.0, 2.53485423e-03,
            3.80228134e-03, 2.53485423e-03, 7.60456268e-03,
            3.80228134e-03, 1.14068445e-02, 6.33713556e-03,
            8.87198932e-03, 8.87198932e-03, 7.60456268e-03,
            7.60456268e-03, 1.26742711e-02, 6.33713556e-03,
            7.60456268e-03, 5.06970845e-03, 5.06970845e-03,
            6.33713556e-03, 5.06970845e-03, 8.87198932e-03,
            6.33713556e-03, 3.80228134e-03, 1.14068445e-02,
            1.64765529e-02, 1.39416978e-02, 1.52091254e-02,
            1.77439786e-02, 4.43599485e-02, 3.54879573e-02,
            4.43599485e-02, 4.30925228e-02, 2.66159698e-02,
            2.78833956e-02, 1.90114062e-02, 2.28136890e-02,
            6.33713556e-03, 1.26742711e-02, 3.80228134e-03,
            2.53485423e-03, 1.26742711e-03, 1.26742711e-03,
            2.53485423e-03, 1.26742711e-03, 0.0, 1.26742711e-03, 0.0,
            0.0, 0.0, 0.0, 0.0, 0.0, 0.0, 0.0, 0.0, 0.0, 0.0, 0.0, 0.0,
            0.0, 0.0, 0.0, 0.0, 8.87198932e-03, 7.60456268e-03,
            2.53485423e-03, 7.60456268e-03, 6.33713556e-03,
            1.26742711e-02, 1.26742711e-02, 1.26742711e-02,
            7.60456268e-03, 3.80228134e-03, 1.26742711e-03,
            1.14068445e-02, 3.80228134e-03, 7.60456268e-03,
            1.26742711e-03, 3.80228134e-03, 2.53485423e-03,
            6.33713556e-03, 6.33713556e-03, 8.87198932e-03,
            1.64765529e-02, 2.66159698e-02, 3.04182507e-02,
