{
    "h": {
        "type_id": "opencv-matrix",
        "rows": 50,
        "cols": 60,
        "dt": "f",
        "data": [ 0.0, 0.0, 1.37174211e-03, 0.0, 0.0, 0.0, 0.0, 0.0, 0.0,
            0.0, 0.0, 0.0, 0.0, 0.0, 0.0, 0.0, 0.0, 0.0, 0.0, 0.0, 0.0,
            0.0, 0.0, 0.0, 0.0, 0.0, 0.0, 0.0, 0.0, 0.0, 0.0, 0.0, 0.0,
            0.0, 0.0, 0.0, 0.0, 0.0, 0.0, 0.0, 0.0, 0.0, 0.0, 0.0, 0.0,
            0.0, 0.0, 0.0, 0.0, 0.0, 0.0, 0.0, 0.0, 0.0, 0.0, 0.0, 0.0,
            0.0, 0.0, 0.0, 0.0, 0.0, 2.74348422e-03, 0.0, 0.0, 0.0, 0.0,
            0.0, 0.0, 0.0, 0.0, 0.0, 0.0, 0.0, 0.0, 0.0, 0.0, 0.0, 0.0,
            0.0, 0.0, 0.0, 0.0, 0.0, 0.0, 0.0, 0.0, 0.0, 0.0, 0.0, 0.0,
            0.0, 0.0, 0.0, 0.0, 0.0, 2.74348422e-03, 4.11522621e-03,
            1.37174211e-03, 1.37174211e-03, 0.0, 0.0, 0.0, 0.0, 0.0, 0.0,
            0.0, 0.0, 0.0, 0.0, 0.0, 0.0, 0.0, 0.0, 0.0, 0.0, 0.0, 0.0,
            0.0, 0.0, 0.0, 0.0, 0.0, 0.0, 0.0, 0.0, 0.0, 0.0, 0.0, 0.0,
            0.0, 0.0, 0.0, 0.0, 0.0, 1.37174211e-03, 0.0, 1.37174211e-03,
            0.0, 0.0, 0.0, 2.74348422e-03, 5.48696844e-03,
            1.37174211e-03, 0.0, 4.11522621e-03, 0.0, 2.74348422e-03,
            1.37174211e-03, 2.74348422e-03, 1.37174211e-03,
            5.48696844e-03, 2.74348422e-03, 4.11522621e-03,
            8.23045243e-03, 2.74348422e-03, 6.85871067e-03,
            6.85871067e-03, 9.60219465e-03, 4.11522621e-03,
            1.09739369e-02, 5.48696844e-03, 2.74348422e-03,
            2.74348422e-03, 1.37174211e-03, 0.0, 0.0, 1.37174211e-03,
            0.0, 0.0, 0.0, 0.0, 0.0, 0.0, 0.0, 0.0, 0.0, 0.0, 0.0, 0.0,
            0.0, 0.0, 0.0, 2.74348422e-03, 1.37174211e-03,
            2.74348422e-03, 1.37174211e-03, 0.0, 1.37174211e-03,
            2.74348422e-03, 4.11522621e-03, 2.74348422e-03,
            2.74348422e-03, 8.23045243e-03, 4.11522621e-03,
            9.60219465e-03, 9.60219465e-03, 1.50891636e-02,
            8.23045243e-03, 9.60219465e-03, 2.46913582e-02,
            1.37174213e-02, 1.09739369e-02, 1.50891636e-02,
            1.23456791e-02, 1.09739369e-02, 1.50891636e-02,
            6.85871067e-03, 1.09739369e-02, 1.37174213e-02,
            1.78326480e-02, 1.09739369e-02, 1.64609049e-02,
            1.23456791e-02, 2.33196151e-02, 2.60630995e-02,
            2.33196151e-02, 3.01783271e-02, 1.50891636e-02,
            1.09739369e-02, 1.09739369e-02, 8.23045243e-03,
            5.48696844e-03, 1.09739369e-02, 4.11522621e-03,
            8.23045243e-03, 4.11522621e-03, 4.11522621e-03,
            2.74348422e-03, 2.74348422e-03, 1.37174211e-03,
            1.37174211e-03, 1.37174211e-03, 0.0, 0.0, 1.37174211e-03,
            0.0, 1.37174211e-03, 0.0, 1.37174211e-03, 0.0, 0.0, 0.0, 0.0,
            0.0, 6.85871067e-03, 0.0, 0.0, 5.48696844e-03,
            8.23045243e-03, 9.60219465e-03, 1.50891636e-02,
            1.50891636e-02, 2.05761325e-02, 4.25240062e-02,
            9.60219502e-02, 5.07544577e-02, 5.21261990e-02,
            7.27023333e-02, 6.44718781e-02, 1.02880657e-01,
            1.01508915e-01, 5.62414266e-02, 4.66392301e-02,
            3.84087786e-02, 3.56652960e-02, 2.60630995e-02,
            2.19478738e-02, 1.37174213e-02, 1.37174213e-02,
            3.29218097e-02, 1.78326480e-02, 2.60630995e-02,
            3.29218097e-02, 1.50891636e-02, 1.23456791e-02,
            1.64609049e-02, 8.23045243e-03, 8.23045243e-03,
            2.74348422e-03, 2.74348422e-03, 1.23456791e-02,
            2.74348422e-03, 2.74348422e-03, 2.74348422e-03,
            1.37174211e-03, 1.37174211e-03, 0.0, 0.0, 0.0, 0.0, 0.0, 0.0,
            1.37174211e-03, 0.0, 0.0, 0.0, 0.0, 0.0, 0.0, 0.0, 0.0,
            2.74348422e-03, 2.74348422e-03, 2.74348422e-03,
            1.37174211e-03, 4.11522621e-03, 1.37174213e-02,
            2.19478738e-02, 2.33196151e-02, 6.17283955e-02,
            2.05761313e-01, 1.82441697e-01, 2.93552816e-01,
            4.84224975e-01, 9.75308657e-01, 1.0, 8.29903960e-01,
            8.75171483e-01, 7.29766786e-01, 5.73388219e-01,
            2.83950627e-01, 1.50891632e-01, 5.76131679e-02,
            3.84087786e-02, 3.01783271e-02, 3.42935510e-02,
            1.37174213e-02, 3.01783271e-02, 1.78326480e-02,
            1.64609049e-02, 6.85871067e-03, 9.60219465e-03,
            5.48696844e-03, 9.60219465e-03, 6.85871067e-03,
            4.11522621e-03, 5.48696844e-03, 0.0, 1.37174211e-03, 0.0,
            1.37174211e-03, 0.0, 1.37174211e-03, 0.0, 0.0, 0.0, 0.0, 0.0,
            0.0, 0.0, 0.0, 0.0, 0.0, 0.0, 0.0, 0.0, 0.0, 0.0, 0.0, 0.0,
            0.0, 4.11522621e-03, 6.85871067e-03, 1.37174211e-03,
            2.74348422e-03, 5.48696844e-03, 6.72153607e-02,
            8.36762711e-02, 9.87654328e-02, 1.59122080e-01,
            3.85459542e-01, 5.04801095e-01, 5.03429353e-01,
            2.81207144e-01, 4.25240040e-01, 3.86831284e-01,
            4.19753075e-01, 5.13031542e-01, 3.41563791e-01,
            2.01646090e-01, 1.11111112e-01, 1.04252398e-01,
            5.62414266e-02, 3.29218097e-02, 1.09739369e-02,
            6.85871067e-03, 1.37174211e-03, 2.74348422e-03, 0.0, 0.0,
            0.0, 1.37174211e-03, 0.0, 0.0, 0.0, 0.0, 0.0, 0.0, 0.0, 0.0,
            0.0, 0.0, 0.0, 0.0, 0.0, 0.0, 0.0, 0.0, 0.0, 0.0, 0.0, 0.0,
            0.0, 0.0, 0.0, 0.0, 0.0, 0.0, 0.0, 0.0, 0.0, 0.0, 0.0, 0.0,
            9.60219465e-03, 3.15500684e-02, 5.89849092e-02,
            1.92043893e-02, 3.70370373e-02, 8.50480124e-02,
            1.19341567e-01, 7.40740746e-02, 8.36762711e-02,
            3.97805199e-02, 2.74348427e-02, 4.25240062e-02,
            4.93827164e-02, 6.44718781e-02, 3.42935510e-02,
            2.19478738e-02, 6.85871067e-03, 9.60219465e-03,
            4.11522621e-03, 5.48696844e-03, 0.0, 1.37174211e-03, 0.0,
            0.0, 0.0, 0.0, 0.0, 0.0, 0.0, 0.0, 0.0, 0.0, 0.0, 0.0, 0.0,
            0.0, 0.0, 0.0, 0.0, 0.0, 0.0, 0.0, 0.0, 0.0, 0.0, 0.0, 0.0,
            0.0, 0.0, 0.0, 0.0, 0.0, 0.0, 0.0, 0.0, 1.37174211e-03,
            2.74348422e-03, 0.0, 5.48696844e-03, 2.05761325e-02,
            2.33196151e-02, 6.72153607e-02, 3.42935510e-02,
            1.50891636e-02, 1.78326480e-02, 1.23456791e-02,
            1.37174211e-03, 0.0, 6.85871067e-03, 2.74348422e-03,
            9.60219465e-03, 1.37174213e-02, 4.66392301e-02,
            3.84087786e-02, 9.60219465e-03, 8.23045243e-03,
            1.37174211e-03, 5.48696844e-03, 1.37174211e-03, 0.0,
            1.37174211e-03, 0.0, 0.0, 0.0, 0.0, 0.0, 0.0, 0.0, 0.0, 0.0,
            0.0, 0.0, 0.0, 0.0, 0.0, 0.0, 0.0, 0.0, 0.0, 0.0, 0.0, 0.0,
            0.0, 0.0, 0.0, 0.0, 0.0, 0.0, 0.0, 0.0, 0.0, 0.0, 0.0, 0.0,
            0.0, 0.0, 0.0, 4.11522621e-03, 1.23456791e-02,
            1.50891636e-02, 2.19478738e-02, 2.19478738e-02,
            2.19478738e-02, 1.37174213e-02, 2.74348422e-03,
            2.74348422e-03, 4.11522621e-03, 0.0, 0.0, 2.74348422e-03,
            0.0, 0.0, 0.0, 2.74348422e-03, 1.37174211e-03, 0.0, 0.0, 0.0,
            0.0, 0.0, 0.0, 0.0, 0.0, 0.0, 0.0, 0.0, 0.0, 0.0, 0.0, 0.0,
            0.0, 0.0, 0.0, 0.0, 0.0, 0.0, 0.0, 0.0, 0.0, 0.0, 0.0, 0.0,
            0.0, 0.0, 0.0, 0.0, 0.0, 0.0, 0.0, 0.0, 0.0, 0.0, 0.0, 0.0,
            0.0, 0.0, 1.37174211e-03, 4.11522621e-03, 1.37174211e-03,
            1.37174211e-03, 0.0, 1.37174211e-03, 2.74348422e-03, 0.0,
            0.0, 0.0, 0.0, 0.0, 1.37174211e-03, 0.0, 0.0, 0.0, 0.0, 0.0,
            0.0, 0.0, 0.0, 0.0, 0.0, 0.0, 0.0, 0.0, 0.0, 0.0, 0.0, 0.0,
            0.0, 0.0, 0.0, 0.0, 0.0, 0.0, 0.0, 0.0, 0.0, 0.0, 0.0, 0.0,
            0.0, 0.0, 0.0, 0.0, 0.0, 0.0, 0.0, 0.0, 0.0, 0.0, 0.0, 0.0,
            0.0, 0.0, 0.0, 0.0, 0.0, 0.0, 4.11522621e-03, 1.37174213e-02,
            2.74348427e-02, 2.74348422e-03, 4.11522621e-03,
            1.37174211e-03, 0.0, 1.37174211e-03, 1.37174211e-03, 0.0,
            1.37174211e-03, 0.0, 1.37174211e-03, 0.0, 0.0, 0.0, 0.0, 0.0,
            0.0, 0.0, 0.0, 0.0, 0.0, 0.0, 0.0, 0.0, 0.0, 0.0, 0.0, 0.0,
            0.0, 0.0, 0.0, 0.0, 0.0, 0.0, 0.0, 0.0, 0.0, 0.0, 0.0, 0.0,
