{
    "h": {
        "type_id": "opencv-matrix",
        "rows": 50,
        "cols": 60,
        "dt": "f",
        "data": [ 2.75339186e-01, 0.0, 7.98084599e-04, 7.98084599e-04,
            3.19233839e-03, 2.39425385e-03, 3.19233839e-03,
            7.98084599e-04, 1.59616920e-03, 0.0, 7.98084599e-04, 0.0,
            7.98084599e-04, 7.98084599e-04, 7.98084599e-04, 0.0, 0.0,
            1.59616920e-03, 7.98084599e-04, 0.0, 0.0, 0.0, 0.0,
            7.98084599e-04, 0.0, 0.0, 0.0, 0.0, 0.0, 0.0, 0.0, 0.0, 0.0,
            0.0, 0.0, 0.0, 0.0, 0.0, 0.0, 0.0, 0.0, 0.0, 0.0, 0.0, 0.0,
            0.0, 0.0, 0.0, 0.0, 0.0, 0.0, 0.0, 0.0, 0.0, 0.0, 0.0, 0.0,
            0.0, 0.0, 0.0, 0.0, 1.59616920e-03, 1.59616920e-03,
            5.58659201e-03, 6.38467679e-03, 4.78850771e-03,
            7.18276156e-03, 7.98084587e-03, 3.19233839e-03,
            3.19233839e-03, 7.98084587e-03, 6.38467679e-03,
            1.59616920e-03, 7.98084599e-04, 7.98084599e-04, 0.0,
            7.98084599e-04, 3.19233839e-03, 7.98084599e-04,
            7.98084599e-04, 0.0, 7.98084599e-04, 7.98084599e-04, 0.0,
            0.0, 0.0, 0.0, 0.0, 0.0, 7.98084599e-04, 0.0, 7.98084599e-04,
            7.98084599e-04, 0.0, 0.0, 0.0, 0.0, 0.0, 7.98084599e-04, 0.0,
            0.0, 7.98084599e-04, 0.0, 0.0, 0.0, 7.98084599e-04, 0.0,
            7.98084599e-04, 0.0, 0.0, 7.98084599e-04, 0.0, 0.0, 0.0, 0.0,
            0.0, 0.0, 0.0, 0.0, 0.0, 0.0, 0.0, 0.0, 0.0, 1.59616920e-03,
            0.0, 1.59616920e-03, 1.59616920e-03, 7.98084599e-04,
            3.19233839e-03, 7.98084599e-04, 7.98084599e-04, 0.0,
            7.98084599e-04, 0.0, 3.19233839e-03, 7.18276156e-03, 0.0,
            0.0, 2.39425385e-03, 2.39425385e-03, 3.19233839e-03, 0.0,
            1.59616920e-03, 1.59616920e-03, 0.0, 7.98084599e-04,
            7.98084599e-04, 1.59616920e-03, 2.39425385e-03, 0.0,
            1.59616920e-03, 1.59616920e-03, 4.78850771e-03,
            1.59616920e-03, 4.78850771e-03, 9.57701541e-03,
            1.43655231e-02, 1.27693536e-02, 4.78850771e-03,
            4.78850771e-03, 4.78850771e-03, 7.98084599e-04,
            3.19233839e-03, 3.19233839e-03, 7.98084599e-04,
            1.59616920e-03, 2.39425385e-03, 1.59616920e-03,
            2.39425385e-03, 7.98084599e-04, 2.39425385e-03, 0.0,
            7.98084599e-04, 0.0, 0.0, 0.0, 0.0, 0.0, 1.59616920e-03, 0.0,
            0.0, 1.59616920e-03, 1.59616920e-03, 1.43655231e-02,
            1.43655231e-02, 9.57701541e-03, 1.67597774e-02,
            1.27693536e-02, 1.27693536e-02, 9.57701541e-03,
            6.38467679e-03, 1.51636070e-02, 8.77893064e-03,
            7.98084587e-03, 1.43655231e-02, 7.98084587e-03,
            9.57701541e-03, 7.18276156e-03, 1.11731840e-02,
            9.57701541e-03, 8.77893064e-03, 7.98084587e-03,
            7.18276156e-03, 6.38467679e-03, 1.03751002e-02,
            7.98084587e-03, 1.43655231e-02, 4.78850771e-03,
            8.77893064e-03, 1.35674383e-02, 1.11731840e-02,
            1.19712688e-02, 1.99521147e-02, 1.03751002e-02,
            1.59616917e-02, 3.11252996e-02, 4.22984846e-02,
            3.27214673e-02, 4.07023132e-02, 3.99042293e-02,
            2.71348767e-02, 1.83559451e-02, 1.43655231e-02,
            5.58659201e-03, 1.11731840e-02, 7.18276156e-03,
            1.59616920e-03, 3.99042293e-03, 4.78850771e-03,
            3.99042293e-03, 2.39425385e-03, 1.59616920e-03,
            7.98084599e-04, 0.0, 1.59616920e-03, 0.0, 0.0, 0.0,
            7.98084599e-04, 0.0, 0.0, 0.0, 7.98084599e-04,
            4.78850771e-03, 7.98084599e-04, 8.77893064e-03,
            6.38467679e-03, 9.57701541e-03, 7.18276156e-03,
            6.38467679e-03, 7.98084587e-03, 2.39425385e-03,
            9.57701541e-03, 1.03751002e-02, 1.03751002e-02,
            7.98084587e-03, 7.18276156e-03, 1.11731840e-02,
            1.27693536e-02, 1.27693536e-02, 9.57701541e-03,
            1.43655231e-02, 7.98084587e-03, 4.78850771e-03,
            1.03751002e-02, 7.98084587e-03, 1.11731840e-02,
            8.77893064e-03, 7.98084587e-03, 6.38467679e-03,
            1.59616920e-03, 7.98084587e-03, 3.99042293e-03,
            2.39425385e-03, 3.19233839e-03, 7.18276156e-03,
            4.78850771e-03, 2.39425385e-03, 2.39425385e-03,
            1.59616920e-03, 3.99042293e-03, 3.99042293e-03,
            7.98084599e-04, 3.19233839e-03, 1.59616920e-03,
            3.99042293e-03, 1.59616920e-03, 0.0, 0.0, 0.0,
            7.98084599e-04, 2.39425385e-03, 0.0, 0.0, 0.0, 0.0, 0.0, 0.0,
            1.59616920e-03, 7.98084599e-04, 3.19233839e-03,
            4.46927361e-02, 8.85873884e-02, 5.34716696e-02,
            3.43176387e-02, 3.59138064e-02, 5.74620925e-02,
            2.71348767e-02, 1.27693536e-02, 1.67597774e-02,
            1.75578613e-02, 2.07502004e-02, 1.99521147e-02,
            3.27214673e-02, 4.54908237e-02, 1.99521147e-02,
            3.67118903e-02, 5.18754981e-02, 4.86831591e-02,
            4.30965684e-02, 6.14525154e-02, 7.42218643e-02,
            6.38467669e-02, 7.90103748e-02, 8.45969692e-02,
            5.74620925e-02, 6.70391098e-02, 4.07023132e-02,
            2.95291301e-02, 3.83080617e-02, 1.43655231e-02,
            1.03751002e-02, 1.91540308e-02, 1.75578613e-02,
            1.03751002e-02, 4.78850771e-03, 6.38467679e-03,
            2.39425385e-03, 2.39425385e-03, 0.0, 2.39425385e-03,
            1.59616920e-03, 3.19233839e-03, 1.59616920e-03, 0.0, 0.0,
            0.0, 0.0, 7.98084599e-04, 0.0, 1.59616920e-03,
            1.59616920e-03, 0.0, 7.98084599e-04, 7.98084599e-04, 0.0,
            0.0, 0.0, 0.0, 0.0, 6.38467679e-03, 1.11731840e-02,
            6.54429346e-02, 8.93854722e-02, 7.10295290e-02,
            5.42697534e-02, 5.18754981e-02, 4.07023132e-02,
            4.22984846e-02, 3.11252996e-02, 5.42697534e-02,
            3.91061455e-02, 4.07023132e-02, 3.75099778e-02,
            5.34716696e-02, 5.26735820e-02, 5.02793305e-02,
            5.74620925e-02, 4.46927361e-02, 3.03272139e-02,
            4.15004008e-02, 5.98563440e-02, 4.15004008e-02,
            4.62889075e-02, 3.51157226e-02, 2.87310462e-02,
            1.83559451e-02, 1.59616917e-02, 1.11731840e-02,
            3.19233835e-02, 2.15482842e-02, 2.39425376e-02,
            2.15482842e-02, 1.91540308e-02, 1.83559451e-02,
            6.38467679e-03, 2.39425385e-03, 1.59616920e-03,
            7.98084599e-04, 3.19233839e-03, 1.19712688e-02,
            1.11731840e-02, 5.58659201e-03, 5.58659201e-03,
            1.59616920e-03, 7.98084599e-04, 0.0, 3.99042293e-03,
            7.98084599e-04, 7.98084599e-04, 2.39425385e-03,
            1.59616920e-03, 7.98084599e-04, 1.59616920e-03, 0.0,
            1.59616920e-03, 5.58659201e-03, 0.0, 4.78850771e-03, 0.0,
            0.0, 0.0, 7.98084599e-04, 1.11731840e-02, 1.43655231e-02,
            1.51636070e-02, 1.03751002e-02, 1.35674383e-02,
            1.99521147e-02, 1.67597774e-02, 2.31444538e-02,
            1.35674383e-02, 1.27693536e-02, 2.39425376e-02,
            2.39425376e-02, 1.91540308e-02, 1.19712688e-02,
            2.63367910e-02, 1.43655231e-02, 9.57701541e-03,
            3.99042293e-03, 1.91540308e-02, 1.27693536e-02,
            4.78850771e-03, 3.99042293e-03, 4.78850771e-03,
            5.58659201e-03, 7.98084587e-03, 6.38467679e-03,
            9.57701541e-03, 3.99042293e-03, 1.59616920e-03,
            6.38467679e-03, 4.78850771e-03, 0.0, 0.0, 0.0, 0.0, 0.0, 0.0,
            0.0, 0.0, 3.19233839e-03, 4.78850771e-03, 3.99042293e-03,
            7.98084599e-04, 4.78850771e-03, 1.59616920e-03,
            7.98084599e-04, 7.98084599e-04, 0.0, 7.98084599e-04,
            7.98084599e-04, 0.0, 0.0, 0.0, 0.0, 0.0, 0.0, 7.98084599e-04,
            1.70790106e-01, 1.0, 2.29848370e-01, 8.85873884e-02,
            2.63367910e-02, 3.19233835e-02, 3.75099778e-02,
            3.91061455e-02, 1.75578613e-02, 2.07502004e-02,
            2.63367910e-02, 1.27693536e-02, 8.77893064e-03,
            1.11731840e-02, 2.31444538e-02, 6.38467679e-03,
