{
    "h": {
        "type_id": "opencv-matrix",
        "rows": 50,
        "cols": 60,
        "dt": "f",
        "data": [ 0.0, 0.0, 0.0, 0.0, 0.0, 0.0, 0.0, 0.0, 4.96277935e-04,
            0.0, 0.0, 0.0, 0.0, 0.0, 0.0, 0.0, 0.0, 0.0, 0.0, 0.0, 0.0,
            0.0, 0.0, 0.0, 0.0, 0.0, 0.0, 0.0, 0.0, 0.0, 0.0, 0.0, 0.0,
            0.0, 0.0, 0.0, 0.0, 0.0, 0.0, 0.0, 0.0, 0.0, 0.0, 0.0, 0.0,
            0.0, 0.0, 0.0, 0.0, 0.0, 0.0, 0.0, 0.0, 0.0, 0.0, 0.0, 0.0,
            0.0, 0.0, 0.0, 0.0, 0.0, 0.0, 0.0, 0.0, 0.0, 0.0,
            4.96277935e-04, 0.0, 0.0, 0.0, 0.0, 0.0, 0.0, 4.96277935e-04,
            0.0, 0.0, 0.0, 0.0, 0.0, 0.0, 0.0, 0.0, 0.0, 0.0, 0.0, 0.0,
            0.0, 0.0, 0.0, 0.0, 0.0, 0.0, 0.0, 0.0, 0.0, 0.0, 0.0, 0.0,
            0.0, 0.0, 0.0, 0.0, 0.0, 0.0, 0.0, 0.0, 0.0, 0.0, 0.0, 0.0,
            0.0, 0.0, 0.0, 0.0, 0.0, 0.0, 0.0, 0.0, 0.0, 0.0, 0.0, 0.0,
            0.0, 0.0, 0.0, 0.0, 0.0, 0.0, 4.96277935e-04, 0.0, 0.0,
            4.96277935e-04, 4.96277935e-04, 4.96277935e-04, 0.0, 0.0,
            0.0, 4.96277935e-04, 0.0, 0.0, 0.0, 0.0, 0.0, 0.0, 0.0,
            4.96277935e-04, 4.96277935e-04, 0.0, 4.96277935e-04, 0.0,
            0.0, 0.0, 0.0, 0.0, 0.0, 0.0, 0.0, 0.0, 0.0, 0.0,
            4.96277935e-04, 0.0, 0.0, 0.0, 0.0, 0.0, 0.0, 0.0, 0.0, 0.0,
            0.0, 0.0, 0.0, 0.0, 0.0, 0.0, 0.0, 0.0, 0.0, 0.0, 0.0, 0.0,
            0.0, 0.0, 0.0, 4.96277935e-04, 4.96277935e-04, 0.0, 0.0, 0.0,
            9.92555870e-04, 1.48883380e-03, 1.48883380e-03,
            2.97766761e-03, 4.46650153e-03, 2.48138979e-03,
            5.95533522e-03, 6.45161327e-03, 4.96277958e-03,
            2.97766761e-03, 5.45905717e-03, 6.45161327e-03,
            3.97022348e-03, 4.96277958e-03, 3.47394543e-03,
            6.94789086e-03, 3.47394543e-03, 5.45905717e-03,
            6.94789086e-03, 1.24069480e-02, 7.44416891e-03,
            1.63771715e-02, 1.68734491e-02, 1.98511183e-02,
            1.53846163e-02, 1.33995041e-02, 1.38957817e-02,
            7.44416891e-03, 8.43672454e-03, 4.46650153e-03,
            2.97766761e-03, 2.48138979e-03, 1.48883380e-03,
            3.47394543e-03, 1.48883380e-03, 4.96277935e-04, 0.0,
            4.96277935e-04, 0.0, 0.0, 0.0, 0.0, 0.0, 0.0, 0.0, 0.0, 0.0,
            0.0, 0.0, 0.0, 0.0, 0.0, 0.0, 0.0, 0.0, 0.0, 4.96277935e-04,
            0.0, 4.96277935e-04, 4.96277935e-04, 1.48883380e-03,
            4.96277958e-03, 2.48138979e-03, 3.47394543e-03,
            4.96277958e-03, 5.95533522e-03, 6.45161327e-03,
            1.04218367e-02, 4.96277958e-03, 3.47394543e-03,
            6.94789086e-03, 5.45905717e-03, 4.96277958e-03,
            3.97022348e-03, 4.46650153e-03, 5.95533522e-03,
            6.45161327e-03, 5.45905717e-03, 6.45161327e-03,
            6.94789086e-03, 4.96277958e-03, 5.95533522e-03,
            6.45161327e-03, 6.45161327e-03, 2.48138979e-03,
            5.95533522e-03, 6.45161327e-03, 4.46650153e-03,
            2.97766761e-03, 2.48138979e-03, 6.45161327e-03,
            4.46650153e-03, 9.92555870e-04, 3.97022348e-03,
            2.48138979e-03, 1.98511174e-03, 2.48138979e-03,
            1.48883380e-03, 9.92555870e-04, 0.0, 4.96277935e-04, 0.0,
            4.96277935e-04, 0.0, 0.0, 0.0, 0.0, 0.0, 0.0, 0.0, 0.0,
            4.96277935e-04, 0.0, 0.0, 4.96277935e-04, 4.96277935e-04,
            0.0, 4.96277935e-04, 4.96277935e-04, 1.48883380e-03,
            2.97766761e-03, 3.97022348e-03, 2.48138979e-03,
            2.97766761e-03, 1.48883380e-03, 1.98511174e-03,
            2.48138979e-03, 3.47394543e-03, 1.48883380e-03,
            2.97766761e-03, 2.48138979e-03, 2.97766761e-03,
            4.46650153e-03, 2.48138979e-03, 2.97766761e-03,
            6.94789086e-03, 4.96277958e-03, 5.45905717e-03,
            1.98511174e-03, 7.94044696e-03, 5.45905717e-03,
            6.45161327e-03, 1.09181143e-02, 8.43672454e-03,
            6.45161327e-03, 5.45905717e-03, 6.45161327e-03,
            4.96277958e-03, 3.47394543e-03, 5.45905717e-03,
            4.46650153e-03, 2.97766761e-03, 3.47394543e-03,
            4.96277935e-04, 9.92555870e-04, 0.0, 0.0, 9.92555870e-04,
            1.48883380e-03, 0.0, 4.96277935e-04, 0.0, 4.96277935e-04,
            0.0, 0.0, 0.0, 0.0, 0.0, 0.0, 0.0, 0.0, 0.0, 0.0,
            9.92555870e-04, 0.0, 0.0, 4.96277935e-04, 4.96277935e-04,
            4.96277935e-04, 1.98511174e-03, 3.47394543e-03,
            3.47394543e-03, 1.48883380e-03, 1.48883380e-03,
            9.92555870e-04, 1.98511174e-03, 1.48883380e-03,
            1.48883380e-03, 2.48138979e-03, 1.98511174e-03,
            1.48883380e-03, 1.98511174e-03, 4.96277958e-03,
            2.97766761e-03, 6.94789086e-03, 3.47394543e-03,
            5.95533522e-03, 7.94044696e-03, 1.14143929e-02,
            1.09181143e-02, 1.58808939e-02, 2.13399511e-02,
            3.62282880e-02, 4.21836227e-02, 3.82134020e-02,
            3.12655084e-02, 3.02729532e-02, 1.73697285e-02,
            4.46650153e-03, 9.92555870e-04, 1.98511174e-03,
            4.96277935e-04, 0.0, 0.0, 4.96277935e-04, 0.0, 0.0, 0.0, 0.0,
            0.0, 0.0, 0.0, 0.0, 0.0, 0.0, 0.0, 0.0, 0.0, 0.0, 0.0, 0.0,
            0.0, 0.0, 0.0, 0.0, 4.96277935e-04, 9.92555870e-04,
            4.96277935e-04, 4.96277935e-04, 3.47394543e-03,
            1.48883380e-03, 9.92555870e-04, 4.96277935e-04,
            9.92555870e-04, 4.96277935e-04, 2.48138979e-03,
            2.48138979e-03, 9.92555870e-04, 2.48138979e-03,
            2.48138979e-03, 3.97022348e-03, 3.97022348e-03,
            3.47394543e-03, 7.44416891e-03, 5.45905717e-03,
            4.96277958e-03, 5.95533522e-03, 3.97022348e-03,
            4.96277958e-03, 5.95533522e-03, 4.46650153e-03,
            5.45905717e-03, 6.94789086e-03, 2.48138979e-03,
            9.92555870e-04, 9.92555870e-04, 1.98511174e-03,
            1.48883380e-03, 0.0, 0.0, 0.0, 0.0, 0.0, 0.0, 0.0, 0.0, 0.0,
            0.0, 0.0, 0.0, 0.0, 0.0, 0.0, 0.0, 0.0, 0.0, 0.0, 0.0, 0.0,
            0.0, 0.0, 1.48883380e-03, 9.92555870e-04, 4.96277935e-04,
            1.48883380e-03, 0.0, 4.96277935e-04, 4.96277935e-04, 0.0,
            1.98511174e-03, 1.98511174e-03, 0.0, 9.92555870e-04,
            1.48883380e-03, 2.97766761e-03, 2.48138979e-03,
            7.44416891e-03, 4.96277958e-03, 2.97766761e-03,
            5.95533522e-03, 2.97766761e-03, 1.98511174e-03,
            2.97766761e-03, 2.97766761e-03, 1.98511174e-03,
            2.48138979e-03, 1.98511174e-03, 9.92555870e-04,
            4.96277935e-04, 0.0, 4.96277935e-04, 0.0, 0.0, 0.0, 0.0, 0.0,
            0.0, 0.0, 0.0, 0.0, 0.0, 0.0, 0.0, 0.0, 0.0, 0.0, 0.0, 0.0,
            0.0, 0.0, 0.0, 0.0, 0.0, 0.0, 0.0, 0.0, 0.0, 0.0, 0.0, 0.0,
            0.0, 0.0, 9.92555870e-04, 9.92555870e-04, 2.48138979e-03,
            0.0, 1.98511174e-03, 1.48883380e-03, 2.48138979e-03,
            4.96277935e-04, 1.48883380e-03, 4.96277935e-04,
            4.96277935e-04, 1.98511174e-03, 2.97766761e-03,
            2.97766761e-03, 1.98511174e-03, 1.48883380e-03,
            2.48138979e-03, 1.48883380e-03, 9.92555870e-04,
            4.96277935e-04, 4.96277935e-04, 0.0, 4.96277935e-04, 0.0,
            0.0, 0.0, 0.0, 0.0, 0.0, 0.0, 0.0, 0.0, 0.0, 0.0, 0.0, 0.0,
            0.0, 0.0, 0.0, 0.0, 0.0, 0.0, 0.0, 0.0, 0.0, 0.0, 0.0, 0.0,
            0.0, 0.0, 0.0, 0.0, 0.0, 0.0, 0.0, 0.0, 0.0, 0.0, 0.0, 0.0,
            1.48883380e-03, 4.96277935e-04, 4.96277935e-04,
            4.96277935e-04, 9.92555870e-04, 1.48883380e-03,
            1.48883380e-03, 4.96277935e-04, 9.92555870e-04,
            4.96277935e-04, 1.48883380e-03, 2.97766761e-03,
            2.48138979e-03, 4.96277958e-03, 3.47394543e-03,
            2.97766761e-03, 0.0, 1.48883380e-03, 4.96277935e-04,
            9.92555870e-04, 0.0, 0.0, 0.0, 0.0, 4.96277935e-04, 0.0, 0.0,
            0.0, 0.0, 0.0, 0.0, 0.0, 0.0, 0.0, 0.0, 0.0, 0.0, 0.0, 0.0,
            0.0, 0.0, 0.0, 0.0, 0.0, 0.0, 0.0, 0.0, 0.0, 0.0, 0.0, 0.0,
            0.0, 0.0, 0.0, 0.0, 0.0, 0.0, 0.0, 0.0, 4.96277935e-04,
