{
    "h": {
        "type_id": "opencv-matrix",
        "rows": 50,
        "cols": 60,
        "dt": "f",
        "data": [ 0.0, 0.0, 0.0, 0.0, 0.0, 0.0, 0.0, 0.0, 0.0, 0.0, 0.0,
            0.0, 0.0, 0.0, 0.0, 0.0, 0.0, 0.0, 0.0, 0.0, 0.0, 0.0, 0.0,
            0.0, 0.0, 0.0, 0.0, 0.0, 0.0, 0.0, 0.0, 0.0, 0.0, 0.0, 0.0,
            0.0, 0.0, 0.0, 0.0, 0.0, 0.0, 0.0, 0.0, 0.0, 0.0, 0.0, 0.0,
            0.0, 0.0, 0.0, 0.0, 0.0, 0.0, 0.0, 0.0, 0.0, 0.0, 0.0, 0.0,
            0.0, 0.0, 0.0, 0.0, 0.0, 0.0, 0.0, 0.0, 2.07039341e-03,
            2.07039341e-03, 0.0, 4.14078683e-03, 0.0, 0.0, 0.0, 0.0, 0.0,
            0.0, 0.0, 0.0, 0.0, 0.0, 0.0, 0.0, 0.0, 0.0, 0.0, 0.0,
            2.07039341e-03, 0.0, 0.0, 0.0, 2.07039341e-03, 0.0, 0.0,
            2.07039341e-03, 0.0, 2.07039341e-03, 0.0, 0.0, 0.0, 0.0, 0.0,
            0.0, 0.0, 0.0, 0.0, 0.0, 0.0, 0.0, 0.0, 0.0, 0.0, 0.0, 0.0,
            0.0, 0.0, 0.0, 0.0, 0.0, 0.0, 0.0, 0.0, 0.0, 1.03519671e-02,
            0.0, 0.0, 0.0, 0.0, 2.07039341e-03, 0.0, 0.0, 2.07039341e-03,
            2.07039341e-03, 0.0, 0.0, 2.07039341e-03, 0.0,
            6.21118024e-03, 0.0, 2.07039341e-03, 0.0, 2.07039341e-03,
            2.07039341e-03, 0.0, 2.07039341e-03, 0.0, 2.07039341e-03,
            0.0, 0.0, 0.0, 2.07039341e-03, 4.14078683e-03,
            4.14078683e-03, 8.28157365e-03, 2.07039341e-03,
            2.07039341e-03, 0.0, 2.07039341e-03, 6.21118024e-03, 0.0,
            0.0, 0.0, 0.0, 0.0, 0.0, 0.0, 0.0, 0.0, 0.0, 0.0, 0.0, 0.0,
            0.0, 0.0, 0.0, 0.0, 0.0, 0.0, 0.0, 0.0, 0.0, 2.07039341e-03,
            1.65631473e-02, 1.65631473e-02, 6.21118024e-03,
            1.24223605e-02, 4.14078683e-03, 6.21118024e-03,
            8.28157365e-03, 1.03519671e-02, 4.14078683e-03,
            2.07039341e-03, 0.0, 0.0, 0.0, 6.21118024e-03,
            4.14078683e-03, 4.14078683e-03, 2.07039341e-03, 0.0,
            4.14078683e-03, 0.0, 4.14078683e-03, 4.14078683e-03,
            2.07039341e-03, 2.07039341e-03, 2.07039341e-03, 0.0,
            4.14078683e-03, 2.07039341e-03, 0.0, 8.28157365e-03,
            6.21118024e-03, 0.0, 0.0, 4.14078683e-03, 2.07039341e-03,
            6.21118024e-03, 0.0, 0.0, 2.07039341e-03, 2.07039341e-03,
            0.0, 0.0, 2.07039341e-03, 4.14078683e-03, 0.0, 0.0, 0.0, 0.0,
            0.0, 0.0, 0.0, 0.0, 0.0, 2.07039341e-03, 0.0, 0.0, 0.0, 0.0,
            0.0, 0.0, 2.07039341e-03, 4.76190485e-02, 2.07039341e-02,
            1.86335407e-02, 4.14078683e-03, 4.14078683e-03,
            6.21118024e-03, 2.07039341e-03, 8.28157365e-03,
            6.21118024e-03, 1.03519671e-02, 6.21118024e-03,
            6.21118024e-03, 8.28157365e-03, 2.07039341e-03,
            2.07039341e-03, 4.14078683e-03, 2.07039341e-03,
            4.14078683e-03, 0.0, 4.14078683e-03, 4.14078683e-03,
            8.28157365e-03, 8.28157365e-03, 1.86335407e-02,
            1.65631473e-02, 2.89855078e-02, 3.10559012e-02,
            5.17598353e-02, 4.34782617e-02, 3.31262946e-02,
            3.31262946e-02, 3.31262946e-02, 1.24223605e-02,
            8.28157365e-03, 1.24223605e-02, 8.28157365e-03,
            1.03519671e-02, 6.21118024e-03, 4.14078683e-03,
            2.07039341e-03, 2.07039341e-03, 2.07039341e-03, 0.0,
            2.07039341e-03, 0.0, 0.0, 0.0, 2.07039341e-03, 0.0, 0.0,
            2.07039341e-03, 0.0, 0.0, 0.0, 0.0, 0.0, 2.07039341e-03, 0.0,
            0.0, 3.72670814e-02, 6.62525892e-02, 3.31262946e-02,
            7.86749497e-02, 1.86335407e-02, 1.44927539e-02,
            2.07039341e-03, 4.14078683e-03, 6.21118024e-03,
            1.24223605e-02, 8.28157365e-03, 6.21118024e-03,
            2.07039341e-02, 8.28157365e-03, 8.28157365e-03,
            1.24223605e-02, 1.44927539e-02, 1.03519671e-02,
            6.21118024e-03, 2.07039341e-02, 2.07039341e-02,
            6.21118024e-03, 4.34782617e-02, 4.14078683e-02,
            7.03933761e-02, 6.21118024e-02, 9.52380970e-02,
            9.93788838e-02, 1.59420297e-01, 1.86335415e-01,
            2.38095239e-01, 2.25672886e-01, 1.15942031e-01,
            1.09730855e-01, 6.41821921e-02, 6.00414090e-02,
            3.72670814e-02, 2.27743275e-02, 2.07039341e-02,
            1.44927539e-02, 1.24223605e-02, 4.14078683e-03,
            4.14078683e-03, 6.21118024e-03, 6.21118024e-03, 0.0,
            2.07039341e-03, 2.07039341e-03, 0.0, 0.0, 0.0,
            2.07039341e-03, 0.0, 0.0, 2.07039341e-03, 0.0, 0.0,
            2.07039341e-03, 0.0, 6.21118024e-03, 0.0, 2.48447210e-02,
            5.79710156e-02, 1.86335407e-02, 1.65631473e-02,
            1.44927539e-02, 6.21118024e-03, 1.03519671e-02,
            8.28157365e-03, 1.24223605e-02, 4.14078683e-03,
            6.21118024e-03, 8.28157365e-03, 3.31262946e-02,
            1.44927539e-02, 1.03519671e-02, 2.89855078e-02,
            3.51966880e-02, 2.27743275e-02, 3.93374749e-02,
            4.14078683e-02, 6.41821921e-02, 3.10559012e-02,
            3.72670814e-02, 7.03933761e-02, 3.93374749e-02,
            7.66045600e-02, 5.59006222e-02, 7.66045600e-02,
            6.83229864e-02, 4.96894419e-02, 6.41821921e-02,
            6.00414090e-02, 3.31262946e-02, 2.27743275e-02,
            4.55486551e-02, 1.44927539e-02, 2.07039341e-03,
            1.65631473e-02, 1.24223605e-02, 6.21118024e-03,
            2.07039341e-03, 8.28157365e-03, 2.07039341e-03,
            4.14078683e-03, 0.0, 0.0, 0.0, 0.0, 0.0, 0.0, 0.0, 0.0, 0.0,
            0.0, 0.0, 0.0, 0.0, 0.0, 0.0, 0.0, 1.44927539e-02,
            4.55486551e-02, 1.65631473e-02, 2.27743275e-02,
            1.24223605e-02, 1.44927539e-02, 4.14078683e-03,
            1.44927539e-02, 2.48447210e-02, 6.21118024e-03,
            1.86335407e-02, 1.44927539e-02, 1.03519671e-02,
            1.44927539e-02, 1.65631473e-02, 5.79710156e-02,
            4.76190485e-02, 7.03933761e-02, 8.90269130e-02,
            6.21118024e-02, 4.55486551e-02, 4.34782617e-02,
            4.34782617e-02, 3.93374749e-02, 3.51966880e-02,
            2.48447210e-02, 5.17598353e-02, 4.55486551e-02,
            3.51966880e-02, 3.31262946e-02, 3.10559012e-02,
            1.65631473e-02, 1.24223605e-02, 1.44927539e-02,
            1.03519671e-02, 8.28157365e-03, 4.14078683e-03,
            8.28157365e-03, 0.0, 4.14078683e-03, 0.0, 2.07039341e-03,
            2.07039341e-03, 0.0, 2.07039341e-03, 0.0, 0.0, 0.0, 0.0, 0.0,
            0.0, 0.0, 0.0, 0.0, 0.0, 0.0, 0.0, 0.0, 0.0, 2.07039341e-02,
            3.93374749e-02, 1.24223605e-02, 2.27743275e-02,
            2.07039341e-02, 2.48447210e-02, 2.27743275e-02,
            1.86335407e-02, 1.03519671e-02, 2.07039341e-02,
            4.14078683e-03, 1.44927539e-02, 2.07039341e-03,
            1.24223605e-02, 6.21118024e-03, 4.14078683e-03,
            1.44927539e-02, 1.86335407e-02, 8.28157365e-03,
            4.14078683e-02, 6.62525892e-02, 6.00414090e-02,
            6.83229864e-02, 4.96894419e-02, 8.28157365e-02,
            6.41821921e-02, 6.62525892e-02, 4.76190485e-02,
            6.62525892e-02, 3.10559012e-02, 2.48447210e-02,
            1.86335407e-02, 4.14078683e-03, 4.14078683e-03,
            6.21118024e-03, 4.14078683e-03, 6.21118024e-03,
            2.07039341e-03, 2.07039341e-03, 2.07039341e-03, 0.0, 0.0,
            2.07039341e-03, 0.0, 0.0, 0.0, 2.07039341e-03, 0.0, 0.0, 0.0,
            0.0, 0.0, 0.0, 0.0, 0.0, 0.0, 0.0, 0.0, 0.0, 0.0,
            8.28157365e-03, 2.27743275e-02, 1.03519671e-02,
            1.65631473e-02, 1.44927539e-02, 2.48447210e-02,
            2.69151144e-02, 1.65631473e-02, 2.07039341e-02,
            1.65631473e-02, 4.14078683e-03, 8.28157365e-03,
            4.14078683e-03, 8.28157365e-03, 4.14078683e-03,
            2.07039341e-03, 1.86335407e-02, 1.86335407e-02,
            2.27743275e-02, 2.48447210e-02, 4.55486551e-02,
            5.59006222e-02, 6.21118024e-02, 6.21118024e-02,
            1.84265018e-01, 1.94616973e-01, 3.00207049e-01,
            2.56728768e-01, 2.19461709e-01, 1.03519671e-01,
            3.51966880e-02, 2.07039341e-02, 1.24223605e-02,
