{
    "h": {
        "type_id": "opencv-matrix",
        "rows": 50,
        "cols": 60,
        "dt": "f",
        "data": [ 0.0, 0.0, 0.0, 0.0, 0.0, 0.0, 0.0, 0.0, 0.0, 0.0, 0.0,
            0.0, 0.0, 0.0, 0.0, 0.0, 0.0, 0.0, 0.0, 0.0, 0.0, 0.0, 0.0,
            0.0, 0.0, 0.0, 0.0, 0.0, 0.0, 0.0, 0.0, 0.0, 0.0, 0.0, 0.0,
            0.0, 0.0, 0.0, 0.0, 0.0, 0.0, 0.0, 0.0, 0.0, 0.0, 0.0, 0.0,
            0.0, 0.0, 0.0, 0.0, 0.0, 0.0, 0.0, 0.0, 0.0, 0.0, 0.0, 0.0,
            0.0, 0.0, 0.0, 0.0, 0.0, 0.0, 0.0, 0.0, 0.0, 0.0, 0.0, 0.0,
            0.0, 0.0, 0.0, 0.0, 0.0, 0.0, 0.0, 0.0, 0.0, 0.0, 0.0, 0.0,
            0.0, 0.0, 0.0, 0.0, 0.0, 0.0, 0.0, 0.0, 1.45560410e-03, 0.0,
            2.91120820e-03, 5.82241639e-03, 5.82241639e-03,
            1.01892287e-02, 2.47452706e-02, 1.01892287e-02,
            1.01892287e-02, 0.0, 0.0, 0.0, 0.0, 0.0, 0.0, 0.0, 0.0, 0.0,
            0.0, 0.0, 0.0, 0.0, 0.0, 0.0, 0.0, 0.0, 0.0, 0.0, 0.0, 0.0,
            0.0, 0.0, 0.0, 0.0, 0.0, 0.0, 0.0, 0.0, 0.0, 0.0, 0.0, 0.0,
            0.0, 1.45560410e-03, 1.45560410e-03, 0.0, 0.0, 0.0, 0.0, 0.0,
            1.45560410e-03, 0.0, 0.0, 0.0, 2.91120820e-03,
            7.27802049e-03, 1.45560410e-03, 2.91120820e-03,
            4.36681230e-03, 7.27802049e-03, 1.31004369e-02,
            8.73362459e-03, 3.63901034e-02, 7.27802068e-02,
            8.44250396e-02, 1.60116449e-01, 3.30422133e-01,
            2.29985446e-01, 1.64483264e-01, 9.46142673e-02,
            4.36681211e-02, 1.01892287e-02, 1.45560410e-03,
            2.91120820e-03, 1.45560410e-03, 1.45560410e-03, 0.0,
            1.45560410e-03, 0.0, 0.0, 0.0, 1.45560410e-03, 0.0, 0.0,
            1.45560410e-03, 0.0, 0.0, 0.0, 1.45560410e-03, 0.0, 0.0, 0.0,
            0.0, 0.0, 0.0, 0.0, 0.0, 1.45560410e-03, 0.0, 1.45560410e-03,
            0.0, 1.45560410e-03, 4.36681230e-03, 1.45560410e-03,
            7.27802049e-03, 5.82241639e-03, 4.36681230e-03,
            7.27802049e-03, 1.01892287e-02, 8.73362459e-03,
            5.82241639e-03, 7.27802049e-03, 5.82241639e-03,
            5.82241639e-03, 1.01892287e-02, 8.73362459e-03,
            2.91120820e-03, 7.27802049e-03, 1.45560410e-02,
            1.74672492e-02, 1.45560410e-02, 2.18340605e-02,
            2.18340605e-02, 1.74672492e-02, 2.76564769e-02,
            2.76564769e-02, 4.07569148e-02, 1.74672492e-02,
            1.31004369e-02, 5.82241639e-03, 8.73362459e-03,
            4.36681230e-03, 4.36681230e-03, 4.36681230e-03,
            1.01892287e-02, 1.45560410e-03, 5.82241639e-03,
            1.31004369e-02, 5.82241639e-03, 1.45560410e-03,
            1.45560410e-03, 2.91120820e-03, 2.91120820e-03, 0.0, 0.0,
            4.36681230e-03, 0.0, 0.0, 0.0, 0.0, 0.0, 0.0, 0.0,
            1.45560410e-03, 2.91120820e-03, 0.0, 2.91120820e-03,
            1.45560410e-03, 2.91120820e-03, 5.82241639e-03,
            1.16448328e-02, 5.82241639e-03, 1.01892287e-02,
            1.45560410e-02, 1.89228542e-02, 5.82241639e-03,
            1.01892287e-02, 7.27802049e-03, 8.73362459e-03,
            1.01892287e-02, 8.73362459e-03, 1.31004369e-02,
            5.82241639e-03, 8.73362459e-03, 1.01892287e-02,
            5.82241639e-03, 8.73362459e-03, 1.16448328e-02,
            5.82241639e-03, 2.18340605e-02, 1.31004369e-02,
            8.73362459e-03, 1.16448328e-02, 1.31004369e-02,
            2.91120820e-03, 1.01892287e-02, 8.73362459e-03,
            8.73362459e-03, 7.27802049e-03, 1.45560410e-03,
            2.91120820e-03, 0.0, 0.0, 0.0, 1.45560410e-03,
            1.45560410e-03, 2.91120820e-03, 0.0, 0.0, 0.0,
            2.91120820e-03, 2.91120820e-03, 2.91120820e-03,
            2.91120820e-03, 0.0, 0.0, 0.0, 1.45560410e-03,
            1.45560410e-03, 0.0, 0.0, 0.0, 0.0, 0.0, 0.0, 4.36681230e-03,
            5.82241639e-03, 2.91120820e-03, 4.36681230e-03,
            4.36681230e-03, 8.73362459e-03, 1.16448328e-02,
            1.16448328e-02, 1.89228542e-02, 1.60116442e-02,
            1.01892287e-02, 1.74672492e-02, 1.45560410e-02,
            1.45560410e-03, 1.01892287e-02, 7.27802049e-03,
            7.27802049e-03, 1.45560410e-02, 1.45560410e-02,
            1.01892287e-02, 1.16448328e-02, 5.82241639e-03,
            2.91120820e-03, 7.27802049e-03, 1.01892287e-02,
            7.27802049e-03, 1.60116442e-02, 2.18340605e-02,
            1.74672492e-02, 1.60116442e-02, 4.36681230e-03,
            1.01892287e-02, 7.27802049e-03, 8.73362459e-03,
            4.36681230e-03, 7.27802049e-03, 1.45560410e-03,
            2.91120820e-03, 2.91120820e-03, 1.45560410e-03,
            4.36681230e-03, 0.0, 1.45560410e-03, 1.45560410e-03, 0.0,
            2.91120820e-03, 2.91120820e-03, 1.45560410e-03,
            2.91120820e-03, 2.91120820e-03, 0.0, 0.0, 0.0, 0.0, 0.0, 0.0,
            0.0, 0.0, 0.0, 0.0, 1.45560410e-03, 0.0, 1.01892287e-02,
            4.36681230e-03, 1.45560410e-03, 4.36681230e-03,
            8.73362459e-03, 7.27802049e-03, 1.01892287e-02,
            1.01892287e-02, 1.31004369e-02, 8.73362459e-03,
            8.73362459e-03, 5.82241639e-03, 1.01892287e-02,
            1.31004369e-02, 1.31004369e-02, 4.36681230e-03,
            4.36681230e-03, 1.45560410e-02, 1.31004369e-02,
            1.60116442e-02, 1.60116442e-02, 2.62008738e-02,
            2.18340605e-02, 2.91120820e-02, 3.34788933e-02,
            1.89228542e-02, 1.74672492e-02, 2.91120820e-03,
            1.45560410e-02, 1.31004369e-02, 1.60116442e-02,
            8.73362459e-03, 1.01892287e-02, 7.27802049e-03, 0.0,
            5.82241639e-03, 2.91120820e-03, 4.36681230e-03,
            1.45560410e-03, 4.36681230e-03, 4.36681230e-03, 0.0,
            2.91120820e-03, 0.0, 1.45560410e-03, 1.45560410e-03, 0.0,
            1.45560410e-03, 0.0, 1.45560410e-03, 2.91120820e-03, 0.0,
            0.0, 0.0, 0.0, 0.0, 0.0, 0.0, 2.91120820e-03, 7.27802049e-03,
            2.91120820e-03, 5.82241639e-03, 8.73362459e-03,
            5.82241639e-03, 7.27802049e-03, 8.73362459e-03,
            2.91120820e-03, 1.60116442e-02, 5.82241639e-03,
            4.36681230e-03, 5.82241639e-03, 8.73362459e-03,
            2.91120820e-03, 1.45560410e-03, 1.01892287e-02,
            1.16448328e-02, 4.36681230e-03, 1.16448328e-02,
            1.45560410e-02, 2.03784574e-02, 1.45560410e-02,
            1.74672492e-02, 3.05676870e-02, 3.05676870e-02,
            2.32896656e-02, 1.01892287e-02, 8.73362459e-03,
            8.73362459e-03, 7.27802049e-03, 1.31004369e-02,
            5.82241639e-03, 2.91120820e-03, 4.36681230e-03,
            1.45560410e-03, 4.36681230e-03, 1.45560410e-03,
            1.45560410e-03, 1.45560410e-03, 0.0, 1.45560410e-03, 0.0,
            1.45560410e-03, 0.0, 0.0, 0.0, 0.0, 0.0, 0.0, 0.0, 0.0,
            1.45560410e-03, 0.0, 0.0, 0.0, 0.0, 0.0, 2.91120820e-03,
            1.45560410e-03, 2.91120820e-03, 1.45560410e-02,
            1.45560410e-03, 4.36681230e-03, 5.82241639e-03,
            1.16448328e-02, 8.73362459e-03, 1.60116442e-02,
            8.73362459e-03, 8.73362459e-03, 1.16448328e-02,
            7.27802049e-03, 8.73362459e-03, 7.27802049e-03,
            2.91120820e-03, 1.01892287e-02, 1.31004369e-02,
            5.82241639e-03, 1.60116442e-02, 1.45560410e-02,
            5.24017476e-02, 3.05676870e-02, 2.03784574e-02,
            2.91120820e-02, 2.32896656e-02, 3.34788933e-02,
            2.91120820e-02, 2.47452706e-02, 1.60116442e-02,
            1.74672492e-02, 8.73362459e-03, 7.27802049e-03,
            4.36681230e-03, 4.36681230e-03, 7.27802049e-03,
            2.91120820e-03, 1.45560410e-03, 2.91120820e-03, 0.0,
            1.45560410e-03, 0.0, 0.0, 0.0, 1.45560410e-03,
            1.45560410e-03, 0.0, 0.0, 0.0, 0.0, 0.0, 0.0, 0.0,
            1.45560410e-03, 0.0, 0.0, 0.0, 1.45560410e-03, 0.0,
            1.45560410e-03, 4.36681230e-03, 7.27802049e-03,
            1.01892287e-02, 4.36681230e-03, 4.36681230e-03,
            1.45560410e-03, 7.27802049e-03, 1.45560410e-03,
            1.01892287e-02, 2.91120820e-03, 4.36681230e-03,
