{
    "h": {
        "type_id": "opencv-matrix",
        "rows": 50,
        "cols": 60,
        "dt": "f",
        "data": [ 3.48432036e-03, 0.0, 0.0, 0.0, 0.0, 0.0, 0.0, 0.0, 0.0,
            0.0, 0.0, 0.0, 0.0, 0.0, 0.0, 0.0, 0.0, 0.0, 0.0, 0.0, 0.0,
            0.0, 0.0, 0.0, 0.0, 0.0, 0.0, 0.0, 0.0, 0.0, 0.0, 0.0, 0.0,
            0.0, 0.0, 0.0, 0.0, 0.0, 0.0, 0.0, 0.0, 0.0, 0.0, 0.0, 0.0,
            0.0, 0.0, 0.0, 0.0, 0.0, 0.0, 0.0, 0.0, 0.0, 0.0, 0.0, 0.0,
            0.0, 0.0, 0.0, 0.0, 0.0, 0.0, 0.0, 0.0, 0.0, 0.0, 0.0, 0.0,
            0.0, 0.0, 0.0, 0.0, 0.0, 0.0, 0.0, 0.0, 0.0, 0.0, 0.0, 0.0,
            0.0, 0.0, 0.0, 0.0, 0.0, 0.0, 0.0, 0.0, 0.0, 0.0, 0.0, 0.0,
            0.0, 0.0, 0.0, 0.0, 0.0, 0.0, 0.0, 0.0, 0.0, 0.0, 0.0, 0.0,
            0.0, 0.0, 0.0, 0.0, 0.0, 0.0, 0.0, 0.0, 0.0, 0.0, 0.0, 0.0,
            0.0, 0.0, 0.0, 0.0, 0.0, 0.0, 0.0, 0.0, 0.0, 1.16144016e-03,
            0.0, 0.0, 1.16144016e-03, 0.0, 0.0, 0.0, 0.0, 0.0, 0.0, 0.0,
            0.0, 0.0, 0.0, 0.0, 0.0, 0.0, 0.0, 0.0, 1.16144016e-03, 0.0,
            0.0, 0.0, 0.0, 0.0, 0.0, 0.0, 1.16144016e-03, 1.16144016e-03,
            0.0, 2.32288032e-03, 1.16144016e-03, 3.48432036e-03,
            2.32288032e-03, 4.64576064e-03, 1.16144016e-03,
            2.32288032e-03, 0.0, 1.16144016e-03, 1.16144016e-03,
            1.16144016e-03, 0.0, 1.16144016e-03, 1.16144016e-03, 0.0,
            0.0, 0.0, 0.0, 0.0, 0.0, 0.0, 0.0, 0.0, 0.0, 0.0, 0.0, 0.0,
            1.16144016e-03, 0.0, 0.0, 0.0, 2.32288032e-03,
            2.32288032e-03, 0.0, 3.48432036e-03, 0.0, 1.16144016e-03,
            0.0, 1.16144016e-03, 1.16144016e-03, 1.16144016e-03,
            2.32288032e-03, 8.13008100e-03, 4.64576064e-03,
            1.16144016e-03, 3.48432036e-03, 4.64576064e-03, 0.0,
            4.64576064e-03, 4.64576064e-03, 3.48432036e-03,
            4.64576064e-03, 4.64576064e-03, 4.64576064e-03,
            5.80720091e-03, 3.48432036e-03, 2.32288032e-03,
            3.48432036e-03, 2.32288032e-03, 9.29152127e-03,
            4.64576064e-03, 4.64576064e-03, 1.16144016e-03,
            4.64576064e-03, 3.48432036e-03, 2.32288032e-03,
            1.16144016e-03, 3.48432036e-03, 2.32288032e-03, 0.0,
            1.16144016e-03, 4.64576064e-03, 0.0, 0.0, 1.16144016e-03,
            0.0, 0.0, 1.16144016e-03, 0.0, 0.0, 0.0, 0.0, 0.0,
            2.32288032e-03, 0.0, 0.0, 0.0, 0.0, 0.0, 1.16144016e-03, 0.0,
            4.64576064e-03, 3.48432036e-03, 3.48432036e-03,
            8.13008100e-03, 5.80720091e-03, 1.16144018e-02,
            8.13008100e-03, 3.01974434e-02, 5.34262471e-02,
            2.32288036e-02, 1.04529615e-02, 4.41347249e-02,
            5.11033684e-02, 5.80720082e-02, 3.48432064e-02,
            2.78745629e-02, 1.62601620e-02, 1.62601620e-02,
            9.29152127e-03, 1.74216032e-02, 8.13008100e-03,
            1.04529615e-02, 4.64576064e-03, 6.96864072e-03,
            6.96864072e-03, 9.29152127e-03, 5.80720091e-03,
            4.64576064e-03, 2.32288032e-03, 1.16144016e-03,
            3.48432036e-03, 4.64576064e-03, 4.64576064e-03,
            1.16144016e-03, 0.0, 3.48432036e-03, 0.0, 0.0, 0.0,
            1.16144016e-03, 1.16144016e-03, 0.0, 0.0, 0.0, 0.0, 0.0, 0.0,
            1.16144016e-03, 0.0, 0.0, 0.0, 0.0, 0.0, 0.0, 0.0, 0.0,
            1.16144016e-03, 0.0, 2.32288032e-03, 1.16144016e-03,
            6.96864072e-03, 1.27758421e-02, 9.29152127e-03,
            3.71660851e-02, 1.03368171e-01, 9.29152146e-02,
            2.19512194e-01, 4.19279903e-01, 7.77003467e-01, 1.0,
            7.70034850e-01, 7.93263614e-01, 5.35423934e-01,
            4.12311256e-01, 2.13704988e-01, 9.40766558e-02,
            3.25203240e-02, 1.85830425e-02, 1.39372814e-02,
            1.27758421e-02, 1.27758421e-02, 9.29152127e-03,
            1.16144016e-03, 6.96864072e-03, 3.48432036e-03, 0.0,
            1.16144016e-03, 0.0, 0.0, 1.16144016e-03, 0.0,
            1.16144016e-03, 0.0, 0.0, 0.0, 0.0, 0.0, 0.0, 1.16144016e-03,
            0.0, 0.0, 0.0, 0.0, 0.0, 0.0, 0.0, 0.0, 0.0, 0.0, 0.0, 0.0,
            0.0, 0.0, 0.0, 0.0, 6.96864072e-03, 2.32288032e-03, 0.0,
            5.80720091e-03, 3.48432036e-03, 6.50406480e-02,
            7.78164938e-02, 1.05691053e-01, 1.48664340e-01,
            3.98373961e-01, 3.98373961e-01, 4.09988374e-01,
            3.35656196e-01, 4.28571433e-01, 3.20557475e-01,
            3.51916373e-01, 5.20325184e-01, 3.20557475e-01,
            2.19512194e-01, 1.57955855e-01, 1.55632988e-01,
            7.78164938e-02, 4.99419272e-02, 1.97444819e-02,
            4.64576064e-03, 0.0, 1.16144016e-03, 0.0, 2.32288032e-03,
            1.16144016e-03, 2.32288032e-03, 1.74216032e-02,
            2.67131235e-02, 2.43902430e-02, 1.85830425e-02,
            1.85830425e-02, 2.32288032e-03, 0.0, 0.0, 0.0, 0.0, 0.0, 0.0,
            0.0, 0.0, 0.0, 0.0, 0.0, 0.0, 0.0, 0.0, 0.0, 0.0, 0.0, 0.0,
            0.0, 0.0, 0.0, 0.0, 0.0, 0.0, 0.0, 4.64576064e-03,
            2.09059231e-02, 2.43902430e-02, 6.15563281e-02,
            8.36236924e-02, 8.13008100e-02, 1.21951215e-01,
            1.67247385e-01, 8.24622512e-02, 7.08478466e-02,
            4.06504050e-02, 6.96864128e-02, 6.73635304e-02,
            3.48432064e-02, 4.87804860e-02, 8.13008100e-03,
            1.27758421e-02, 1.50987217e-02, 1.62601620e-02,
            5.80720091e-03, 6.96864072e-03, 3.48432036e-03,
            1.16144016e-03, 0.0, 0.0, 0.0, 0.0, 0.0, 0.0, 0.0, 0.0, 0.0,
            0.0, 0.0, 0.0, 0.0, 0.0, 0.0, 0.0, 0.0, 0.0, 0.0, 0.0, 0.0,
            0.0, 0.0, 0.0, 0.0, 0.0, 0.0, 0.0, 0.0, 0.0, 0.0, 0.0, 0.0,
            3.48432036e-03, 1.16144016e-03, 0.0, 4.64576064e-03,
            1.04529615e-02, 1.16144018e-02, 5.11033684e-02,
            2.67131235e-02, 3.48432064e-02, 2.55516842e-02,
            1.04529615e-02, 6.96864072e-03, 4.64576064e-03,
            3.48432036e-03, 6.96864072e-03, 8.13008100e-03,
            3.36817652e-02, 4.64576073e-02, 2.90360041e-02,
            6.96864072e-03, 2.32288032e-03, 1.16144016e-03, 0.0, 0.0,
            1.16144016e-03, 1.16144016e-03, 0.0, 0.0, 0.0, 0.0, 0.0, 0.0,
            0.0, 0.0, 0.0, 0.0, 0.0, 0.0, 0.0, 0.0, 0.0, 0.0, 0.0, 0.0,
            0.0, 0.0, 0.0, 0.0, 0.0, 0.0, 0.0, 0.0, 0.0, 0.0, 0.0, 0.0,
            0.0, 0.0, 0.0, 0.0, 0.0, 0.0, 2.32288032e-03, 3.48432036e-03,
            6.96864072e-03, 1.04529615e-02, 1.74216032e-02,
            1.27758421e-02, 4.64576064e-03, 1.16144016e-03,
            4.64576064e-03, 2.32288032e-03, 0.0, 0.0, 0.0,
            1.16144016e-03, 2.32288032e-03, 4.64576064e-03,
            6.96864072e-03, 1.16144016e-03, 0.0, 0.0, 0.0, 0.0, 0.0, 0.0,
            0.0, 0.0, 0.0, 0.0, 0.0, 0.0, 0.0, 0.0, 0.0, 0.0, 0.0, 0.0,
            0.0, 0.0, 0.0, 0.0, 0.0, 0.0, 0.0, 0.0, 0.0, 0.0, 0.0, 0.0,
            0.0, 0.0, 0.0, 0.0, 0.0, 0.0, 0.0, 0.0, 0.0, 0.0, 0.0,
            1.16144016e-03, 3.48432036e-03, 0.0, 3.48432036e-03,
            2.32288032e-03, 3.48432036e-03, 5.80720091e-03,
            1.16144016e-03, 1.16144016e-03, 0.0, 0.0, 0.0, 0.0, 0.0, 0.0,
            0.0, 0.0, 0.0, 0.0, 0.0, 0.0, 0.0, 0.0, 0.0, 0.0, 0.0, 0.0,
            0.0, 0.0, 0.0, 0.0, 0.0, 0.0, 0.0, 0.0, 0.0, 0.0, 0.0, 0.0,
            0.0, 0.0, 0.0, 0.0, 0.0, 0.0, 0.0, 0.0, 0.0, 0.0, 0.0, 0.0,
            0.0, 0.0, 0.0, 0.0, 0.0, 0.0, 0.0, 0.0, 0.0, 0.0,
            1.27758421e-02, 1.62601620e-02, 1.62601620e-02,
            3.48432036e-03, 1.16144016e-03, 1.16144016e-03, 0.0, 0.0,
            2.32288032e-03, 0.0, 1.16144016e-03, 0.0, 1.16144016e-03,
            0.0, 0.0, 0.0, 0.0, 0.0, 0.0, 0.0, 0.0, 0.0, 0.0, 0.0, 0.0,
            0.0, 0.0, 0.0, 0.0, 0.0, 0.0, 0.0, 0.0, 0.0, 0.0, 0.0, 0.0,
            0.0, 0.0, 0.0, 0.0, 0.0, 0.0, 0.0, 0.0, 0.0, 0.0, 0.0, 0.0,
            0.0, 0.0, 0.0, 0.0, 0.0, 0.0, 0.0, 0.0, 0.0, 0.0, 0.0, 0.0,
            0.0, 1.16144016e-03, 0.0, 0.0, 0.0, 0.0, 0.0, 0.0, 0.0, 0.0,
            1.16144016e-03, 0.0, 0.0, 0.0, 0.0, 0.0, 0.0, 0.0, 0.0, 0.0,
            0.0, 0.0, 0.0, 0.0, 0.0, 0.0, 0.0, 0.0, 0.0, 0.0, 0.0, 0.0,
