{
    "h": {
        "type_id": "opencv-matrix",
        "rows": 50,
        "cols": 60,
        "dt": "f",
        "data": [ 3.66492152e-01, 0.0, 1.04712043e-03, 2.09424086e-03,
            4.18848172e-03, 2.09424086e-03, 5.23560215e-03,
            3.14136129e-03, 1.04712043e-03, 0.0, 1.04712043e-03,
            1.04712043e-03, 0.0, 0.0, 0.0, 0.0, 0.0, 0.0, 1.04712043e-03,
            0.0, 0.0, 0.0, 0.0, 0.0, 0.0, 0.0, 0.0, 0.0, 0.0, 0.0, 0.0,
            0.0, 0.0, 0.0, 0.0, 0.0, 0.0, 0.0, 0.0, 0.0, 0.0, 0.0, 0.0,
            0.0, 0.0, 0.0, 0.0, 0.0, 0.0, 0.0, 0.0, 0.0, 0.0, 0.0, 0.0,
            0.0, 0.0, 0.0, 0.0, 0.0, 0.0, 0.0, 2.09424086e-03,
            1.25654452e-02, 7.32984301e-03, 3.14136129e-03,
            9.42408387e-03, 1.36125656e-02, 6.28272258e-03,
            2.09424086e-03, 2.09424086e-03, 2.09424086e-03,
            2.09424086e-03, 2.09424086e-03, 0.0, 1.04712043e-03, 0.0,
            1.04712043e-03, 1.04712043e-03, 0.0, 2.09424086e-03,
            1.04712043e-03, 0.0, 0.0, 0.0, 0.0, 0.0, 0.0, 0.0, 0.0, 0.0,
            0.0, 0.0, 0.0, 0.0, 1.04712043e-03, 0.0, 1.04712043e-03, 0.0,
            0.0, 0.0, 0.0, 0.0, 0.0, 0.0, 0.0, 0.0, 0.0, 0.0, 0.0, 0.0,
            0.0, 0.0, 0.0, 0.0, 0.0, 0.0, 0.0, 0.0, 0.0, 0.0, 0.0, 0.0,
            0.0, 1.04712043e-03, 1.04712043e-03, 2.09424086e-03,
            5.23560215e-03, 4.18848172e-03, 0.0, 1.04712043e-03,
            4.18848172e-03, 1.04712043e-03, 2.09424086e-03, 0.0,
            2.09424086e-03, 0.0, 1.04712043e-03, 2.09424086e-03,
            1.04712043e-03, 1.04712043e-03, 1.04712043e-03, 0.0,
            3.14136129e-03, 0.0, 1.04712043e-03, 0.0, 0.0, 0.0, 0.0,
            3.14136129e-03, 6.28272258e-03, 2.09424086e-03,
            1.04712043e-02, 5.23560215e-03, 7.32984301e-03,
            4.18848172e-03, 1.25654452e-02, 7.32984301e-03,
            1.25654452e-02, 1.04712043e-02, 6.28272258e-03,
            9.42408387e-03, 0.0, 1.04712043e-03, 1.04712043e-03,
            4.18848172e-03, 2.09424086e-03, 1.04712043e-03, 0.0, 0.0,
            2.09424086e-03, 1.04712043e-03, 0.0, 0.0, 0.0, 0.0, 0.0, 0.0,
            1.04712043e-03, 0.0, 0.0, 6.28272258e-03, 4.18848172e-03,
            1.78010464e-02, 3.76963355e-02, 1.78010464e-02,
            2.82722525e-02, 1.67539269e-02, 1.67539269e-02,
            1.04712043e-02, 1.04712043e-02, 8.37696344e-03,
            5.23560215e-03, 2.09424086e-03, 9.42408387e-03,
            2.09424086e-03, 1.04712043e-03, 7.32984301e-03,
            5.23560215e-03, 1.36125656e-02, 4.18848172e-03,
            9.42408387e-03, 1.15183247e-02, 1.36125656e-02,
            1.15183247e-02, 9.42408387e-03, 1.36125656e-02,
            1.15183247e-02, 1.36125656e-02, 2.40837708e-02,
            1.57068074e-02, 1.15183247e-02, 2.51308903e-02,
            2.30366495e-02, 2.61780098e-02, 3.14136147e-02,
            6.70157075e-02, 5.44502623e-02, 5.23560196e-02,
            3.24607342e-02, 4.18848172e-02, 2.40837708e-02,
            1.88481677e-02, 9.42408387e-03, 9.42408387e-03,
            5.23560215e-03, 4.18848172e-03, 5.23560215e-03,
            9.42408387e-03, 1.04712043e-03, 5.23560215e-03,
            1.04712043e-03, 3.14136129e-03, 0.0, 3.14136129e-03,
            2.09424086e-03, 1.04712043e-03, 1.04712043e-03,
            1.04712043e-03, 0.0, 0.0, 0.0, 4.18848172e-03,
            6.28272258e-03, 3.14136129e-03, 6.28272258e-03,
            7.32984301e-03, 4.18848172e-03, 4.18848172e-03,
            4.18848172e-03, 1.15183247e-02, 4.18848172e-03,
            8.37696344e-03, 9.42408387e-03, 3.14136129e-03,
            1.04712043e-02, 9.42408387e-03, 1.78010464e-02,
            8.37696344e-03, 1.15183247e-02, 1.15183247e-02,
            1.25654452e-02, 9.42408387e-03, 1.57068074e-02,
            1.46596860e-02, 1.15183247e-02, 1.46596860e-02,
            7.32984301e-03, 1.67539269e-02, 1.25654452e-02,
            5.23560215e-03, 9.42408387e-03, 9.42408387e-03,
            5.23560215e-03, 4.18848172e-03, 1.04712043e-03,
            3.14136129e-03, 4.18848172e-03, 4.18848172e-03,
            2.09424086e-03, 5.23560215e-03, 1.04712043e-03, 0.0, 0.0,
            3.14136129e-03, 2.09424086e-03, 3.14136129e-03, 0.0, 0.0,
            1.04712043e-03, 1.04712043e-03, 0.0, 2.09424086e-03, 0.0,
            0.0, 0.0, 0.0, 0.0, 1.04712043e-03, 4.18848172e-03,
            3.14136129e-03, 4.18848172e-02, 7.95811564e-02,
            7.01570660e-02, 7.12041855e-02, 3.76963355e-02,
            3.87434550e-02, 3.56020927e-02, 2.82722525e-02,
            3.14136147e-02, 3.76963355e-02, 3.35078537e-02,
            3.24607342e-02, 5.54973818e-02, 4.92146611e-02,
            3.76963355e-02, 3.66492160e-02, 5.54973818e-02,
            4.60732989e-02, 5.44502623e-02, 6.49214685e-02,
            1.15183249e-01, 9.42408368e-02, 1.14136130e-01,
            1.12041883e-01, 1.06806286e-01, 6.80628270e-02,
            6.17801063e-02, 4.92146611e-02, 5.02617806e-02,
            4.50261794e-02, 1.67539269e-02, 1.46596860e-02,
            1.04712043e-02, 8.37696344e-03, 6.28272258e-03,
            4.18848172e-03, 2.09424086e-03, 2.09424086e-03,
            1.04712043e-03, 3.14136129e-03, 0.0, 0.0, 0.0, 0.0,
            2.09424086e-03, 1.04712043e-03, 0.0, 1.04712043e-03, 0.0,
            1.04712043e-03, 0.0, 0.0, 1.04712043e-03, 1.04712043e-03,
            0.0, 0.0, 0.0, 1.04712043e-03, 0.0, 1.04712043e-02,
            1.46596860e-02, 6.28272295e-02, 8.48167539e-02,
            7.64397904e-02, 7.85340294e-02, 8.69109929e-02,
            5.23560196e-02, 4.60732989e-02, 2.72251312e-02,
            4.39790562e-02, 3.76963355e-02, 5.02617806e-02,
            4.60732989e-02, 8.06282759e-02, 5.75916246e-02,
            7.74869099e-02, 8.06282759e-02, 7.12041855e-02,
            5.54973818e-02, 4.71204184e-02, 7.85340294e-02,
            6.70157075e-02, 5.44502623e-02, 4.71204184e-02,
            5.13089001e-02, 2.40837708e-02, 3.03664915e-02,
            2.61780098e-02, 3.14136147e-02, 1.57068074e-02,
            1.57068074e-02, 1.98952891e-02, 6.28272258e-03,
            7.32984301e-03, 4.18848172e-03, 4.18848172e-03, 0.0,
            3.14136129e-03, 4.18848172e-03, 2.09424086e-03,
            1.04712043e-03, 0.0, 1.04712043e-03, 0.0, 1.04712043e-03,
            0.0, 1.04712043e-03, 0.0, 0.0, 0.0, 0.0, 0.0, 0.0,
            1.04712043e-03, 0.0, 0.0, 1.04712043e-03, 1.04712043e-03,
            0.0, 0.0, 0.0, 1.04712043e-03, 1.57068074e-02,
            1.78010464e-02, 1.98952891e-02, 9.42408387e-03,
            1.88481677e-02, 1.78010464e-02, 2.09424086e-02,
            1.57068074e-02, 2.19895281e-02, 1.36125656e-02,
            1.78010464e-02, 1.88481677e-02, 1.98952891e-02,
            1.78010464e-02, 2.82722525e-02, 2.72251312e-02,
            2.61780098e-02, 1.78010464e-02, 1.46596860e-02,
            1.46596860e-02, 9.42408387e-03, 4.18848172e-03,
            7.32984301e-03, 1.04712043e-02, 8.37696344e-03,
            9.42408387e-03, 7.32984301e-03, 7.32984301e-03,
            5.23560215e-03, 4.18848172e-03, 2.09424086e-03,
            1.04712043e-03, 0.0, 2.09424086e-03, 0.0, 0.0,
            1.04712043e-03, 0.0, 1.04712043e-03, 0.0, 0.0,
            1.04712043e-03, 0.0, 0.0, 0.0, 0.0, 0.0, 0.0, 0.0, 0.0, 0.0,
            0.0, 0.0, 0.0, 0.0, 0.0, 0.0, 2.06282720e-01, 9.96858656e-01,
            1.0, 1.04712039e-01, 3.97905782e-02, 4.29319367e-02,
            3.87434550e-02, 4.60732989e-02, 4.08376977e-02,
            1.98952891e-02, 2.30366495e-02, 2.09424086e-02,
            1.04712043e-02, 1.67539269e-02, 1.67539269e-02,
            8.37696344e-03, 9.42408387e-03, 1.25654452e-02,
            4.18848172e-03, 4.18848172e-03, 1.04712043e-03, 0.0, 0.0,
            2.09424086e-03, 1.04712043e-03, 0.0, 0.0, 1.04712043e-03,
            1.04712043e-03, 0.0, 0.0, 0.0, 0.0, 0.0, 0.0, 0.0, 0.0, 0.0,
            0.0, 0.0, 0.0, 0.0, 0.0, 0.0, 0.0, 0.0, 0.0, 0.0, 0.0, 0.0,
            0.0, 0.0, 0.0, 0.0, 0.0, 0.0, 0.0, 0.0, 0.0, 0.0, 0.0,
            2.09424086e-03, 1.57068074e-02, 9.84293222e-02,
