{
    "h": {
        "type_id": "opencv-matrix",
        "rows": 50,
        "cols": 60,
        "dt": "f",
        "data": [ 0.0, 0.0, 0.0, 0.0, 0.0, 0.0, 0.0, 0.0, 0.0, 0.0, 0.0,
            0.0, 0.0, 0.0, 0.0, 0.0, 0.0, 0.0, 0.0, 0.0, 0.0, 0.0, 0.0,
            0.0, 0.0, 0.0, 0.0, 0.0, 0.0, 0.0, 0.0, 0.0, 0.0, 0.0, 0.0,
            0.0, 0.0, 0.0, 0.0, 0.0, 0.0, 0.0, 0.0, 0.0, 0.0, 0.0, 0.0,
            0.0, 0.0, 0.0, 0.0, 0.0, 0.0, 0.0, 0.0, 0.0, 0.0, 0.0, 0.0,
            0.0, 0.0, 0.0, 0.0, 0.0, 0.0, 0.0, 0.0, 0.0, 0.0, 0.0, 0.0,
            0.0, 0.0, 0.0, 0.0, 0.0, 0.0, 0.0, 0.0, 0.0, 0.0, 0.0, 0.0,
            0.0, 0.0, 0.0, 0.0, 0.0, 0.0, 0.0, 1.92307692e-03, 0.0, 0.0,
            0.0, 1.92307692e-03, 0.0, 1.92307692e-03, 0.0, 0.0, 0.0, 0.0,
            0.0, 0.0, 0.0, 0.0, 0.0, 0.0, 0.0, 0.0, 0.0, 0.0, 0.0, 0.0,
            0.0, 0.0, 0.0, 0.0, 0.0, 0.0, 0.0, 0.0, 0.0, 0.0,
            7.69230770e-03, 0.0, 0.0, 1.92307692e-03, 0.0, 0.0, 0.0, 0.0,
            0.0, 0.0, 0.0, 1.92307692e-03, 1.92307692e-03, 0.0,
            1.92307692e-03, 0.0, 0.0, 0.0, 0.0, 3.84615385e-03,
            1.92307692e-03, 0.0, 0.0, 1.92307692e-03, 0.0,
            3.84615385e-03, 0.0, 0.0, 1.92307692e-03, 0.0, 0.0,
            1.92307692e-03, 1.92307692e-03, 1.92307692e-03,
            1.92307692e-03, 0.0, 0.0, 0.0, 0.0, 0.0, 0.0, 0.0, 0.0, 0.0,
            0.0, 0.0, 0.0, 0.0, 0.0, 0.0, 1.92307692e-03, 0.0, 0.0, 0.0,
            0.0, 0.0, 0.0, 0.0, 0.0, 1.15384618e-02, 1.73076931e-02,
            5.76923089e-03, 5.76923089e-03, 3.84615385e-03, 0.0,
            1.92307692e-03, 3.84615385e-03, 0.0, 3.84615385e-03,
            1.92307692e-03, 0.0, 0.0, 3.84615385e-03, 1.92307692e-03,
            0.0, 0.0, 1.92307692e-03, 0.0, 0.0, 0.0, 1.92307692e-03,
            5.76923089e-03, 1.92307692e-03, 1.92307692e-03,
            3.84615385e-03, 3.84615385e-03, 3.84615385e-03,
            3.84615385e-03, 3.84615385e-03, 3.84615385e-03, 0.0,
            1.92307692e-03, 1.92307692e-03, 5.76923089e-03, 0.0,
            3.84615385e-03, 1.92307692e-03, 5.76923089e-03,
            1.92307692e-03, 0.0, 0.0, 0.0, 0.0, 0.0, 0.0, 0.0, 0.0,
            1.92307692e-03, 0.0, 0.0, 0.0, 0.0, 0.0, 0.0, 0.0, 0.0, 0.0,
            0.0, 0.0, 0.0, 3.65384631e-02, 2.11538468e-02,
            1.92307699e-02, 1.15384618e-02, 1.15384618e-02,
            7.69230770e-03, 5.76923089e-03, 3.84615385e-03,
            3.84615385e-03, 3.84615385e-03, 1.92307692e-03,
            3.84615385e-03, 0.0, 3.84615385e-03, 1.92307692e-03,
            1.92307692e-03, 0.0, 3.84615385e-03, 1.92307692e-03,
            3.84615385e-03, 1.92307692e-03, 3.84615385e-03,
            9.61538497e-03, 9.61538497e-03, 9.61538497e-03,
            1.15384618e-02, 1.34615386e-02, 2.69230772e-02,
            3.65384631e-02, 2.30769236e-02, 4.42307703e-02,
            2.30769236e-02, 1.34615386e-02, 1.15384618e-02,
            3.84615385e-03, 0.0, 1.92307692e-03, 1.92307692e-03,
            1.92307692e-03, 1.92307692e-03, 3.84615385e-03, 0.0,
            1.92307692e-03, 1.92307692e-03, 0.0, 0.0, 0.0, 0.0, 0.0,
            1.92307692e-03, 0.0, 0.0, 0.0, 0.0, 1.92307692e-03, 0.0, 0.0,
            0.0, 0.0, 3.07692308e-02, 6.53846189e-02, 3.07692308e-02,
            2.30769236e-02, 2.11538468e-02, 7.69230770e-03,
            1.73076931e-02, 3.84615385e-03, 1.34615386e-02,
            7.69230770e-03, 3.84615385e-03, 5.76923089e-03, 0.0,
            5.76923089e-03, 7.69230770e-03, 1.92307692e-03,
            9.61538497e-03, 1.92307692e-03, 7.69230770e-03,
            5.76923089e-03, 1.15384618e-02, 1.15384618e-02,
            2.30769236e-02, 1.92307699e-02, 2.69230772e-02,
            6.53846189e-02, 8.84615406e-02, 9.61538479e-02,
            2.01923072e-01, 1.69230774e-01, 2.07692310e-01,
            2.51923084e-01, 1.17307693e-01, 8.46153870e-02,
            5.96153848e-02, 3.84615399e-02, 1.53846154e-02,
            3.07692308e-02, 1.34615386e-02, 1.92307699e-02,
            1.53846154e-02, 9.61538497e-03, 5.76923089e-03,
            1.92307692e-03, 1.92307692e-03, 0.0, 1.92307692e-03, 0.0,
            0.0, 1.92307692e-03, 1.92307692e-03, 0.0, 0.0, 0.0,
            1.92307692e-03, 0.0, 0.0, 3.84615385e-03, 0.0, 0.0, 0.0,
            3.84615399e-02, 1.03846155e-01, 3.65384631e-02,
            1.73076931e-02, 1.73076931e-02, 7.69230770e-03,
            9.61538497e-03, 1.34615386e-02, 5.76923089e-03,
            5.76923089e-03, 1.15384618e-02, 9.61538497e-03,
            1.53846154e-02, 2.50000004e-02, 1.15384618e-02,
            1.15384618e-02, 3.07692308e-02, 3.46153863e-02,
            4.42307703e-02, 4.80769239e-02, 2.88461540e-02,
            4.03846167e-02, 5.00000007e-02, 5.00000007e-02,
            4.80769239e-02, 4.23076935e-02, 5.96153848e-02,
            9.23076943e-02, 5.57692312e-02, 5.00000007e-02,
            5.57692312e-02, 2.30769236e-02, 2.50000004e-02,
            2.69230772e-02, 9.61538497e-03, 1.15384618e-02,
            1.34615386e-02, 5.76923089e-03, 3.84615385e-03,
            3.84615385e-03, 0.0, 3.84615385e-03, 0.0, 0.0,
            1.92307692e-03, 0.0, 0.0, 0.0, 1.92307692e-03, 0.0, 0.0, 0.0,
            0.0, 0.0, 0.0, 0.0, 0.0, 0.0, 0.0, 0.0, 9.61538497e-03,
            3.65384631e-02, 3.84615399e-02, 1.92307699e-02,
            9.61538497e-03, 1.15384618e-02, 7.69230770e-03,
            1.92307692e-03, 7.69230770e-03, 3.84615385e-03,
            5.76923089e-03, 7.69230770e-03, 1.92307699e-02,
            9.61538497e-03, 2.50000004e-02, 3.65384631e-02,
            5.76923080e-02, 5.96153848e-02, 3.84615399e-02,
            5.38461544e-02, 4.80769239e-02, 5.38461544e-02,
            4.80769239e-02, 4.61538471e-02, 4.61538471e-02,
            3.46153863e-02, 4.03846167e-02, 3.84615399e-02,
            5.57692312e-02, 3.84615399e-02, 3.07692308e-02,
            3.07692308e-02, 7.69230770e-03, 9.61538497e-03,
            5.76923089e-03, 3.84615385e-03, 1.92307692e-03, 0.0,
            1.92307692e-03, 1.92307692e-03, 0.0, 0.0, 0.0, 0.0, 0.0, 0.0,
            1.92307692e-03, 0.0, 0.0, 0.0, 0.0, 0.0, 0.0, 0.0, 0.0, 0.0,
            1.92307692e-03, 0.0, 0.0, 1.34615386e-02, 1.53846154e-02,
            1.53846154e-02, 9.61538497e-03, 9.61538497e-03,
            2.30769236e-02, 9.61538497e-03, 1.15384618e-02,
            7.69230770e-03, 1.73076931e-02, 1.34615386e-02,
            7.69230770e-03, 5.76923089e-03, 0.0, 5.76923089e-03,
            1.73076931e-02, 2.88461540e-02, 2.88461540e-02,
            2.30769236e-02, 3.65384631e-02, 6.15384616e-02,
            5.57692312e-02, 6.15384616e-02, 5.57692312e-02,
            6.73076957e-02, 6.92307726e-02, 5.19230776e-02,
            6.34615421e-02, 6.73076957e-02, 1.15384618e-02,
            2.50000004e-02, 7.69230770e-03, 1.92307692e-03,
            9.61538497e-03, 3.84615385e-03, 1.92307692e-03,
            5.76923089e-03, 1.92307692e-03, 1.92307692e-03, 0.0,
            1.92307692e-03, 0.0, 0.0, 0.0, 0.0, 0.0, 0.0, 0.0, 0.0, 0.0,
            0.0, 0.0, 0.0, 0.0, 0.0, 0.0, 0.0, 1.92307692e-03, 0.0, 0.0,
            1.34615386e-02, 1.15384618e-02, 1.53846154e-02,
            1.15384618e-02, 2.11538468e-02, 3.07692308e-02,
            2.30769236e-02, 3.07692308e-02, 1.34615386e-02,
            1.34615386e-02, 1.34615386e-02, 2.30769236e-02,
            5.76923089e-03, 1.73076931e-02, 1.15384618e-02,
            9.61538497e-03, 1.53846154e-02, 2.69230772e-02,
            1.92307699e-02, 3.65384631e-02, 4.61538471e-02,
            5.19230776e-02, 3.65384631e-02, 7.30769262e-02,
            1.19230770e-01, 1.67307690e-01, 1.92307696e-01,
            1.69230774e-01, 1.67307690e-01, 4.42307703e-02,
            1.92307699e-02, 1.15384618e-02, 3.84615385e-03, 0.0, 0.0,
            3.84615385e-03, 1.92307692e-03, 0.0, 0.0, 0.0, 0.0, 0.0,
            1.92307692e-03, 0.0, 0.0, 0.0, 0.0, 0.0, 0.0, 0.0, 0.0,
            1.92307692e-03, 0.0, 1.92307692e-03, 0.0, 0.0, 0.0, 0.0, 0.0,
            0.0, 0.0, 5.76923089e-03, 7.69230770e-03, 1.15384618e-02,
