{
    "h": {
        "type_id": "opencv-matrix",
        "rows": 50,
        "cols": 60,
        "dt": "f",
        "data": [ 0.0, 0.0, 0.0, 0.0, 1.52671756e-03, 0.0,
            1.52671756e-03, 0.0, 3.05343512e-03, 0.0, 0.0,
            3.05343512e-03, 1.52671756e-03, 3.05343512e-03, 0.0, 0.0,
            0.0, 3.05343512e-03, 0.0, 0.0, 0.0, 0.0, 0.0, 0.0, 0.0, 0.0,
            0.0, 0.0, 0.0, 1.52671756e-03, 0.0, 0.0, 1.52671756e-03, 0.0,
            0.0, 0.0, 0.0, 0.0, 0.0, 0.0, 0.0, 0.0, 0.0, 0.0, 0.0, 0.0,
            0.0, 0.0, 0.0, 0.0, 0.0, 0.0, 0.0, 0.0, 0.0, 0.0, 0.0, 0.0,
            0.0, 0.0, 0.0, 0.0, 0.0, 1.52671756e-03, 0.0, 0.0,
            3.05343512e-03, 3.05343512e-03, 3.05343512e-03,
            1.52671756e-03, 3.05343512e-03, 1.52671756e-03,
            3.05343512e-03, 1.52671756e-03, 1.52671756e-03,
            1.52671756e-03, 1.52671756e-03, 0.0, 1.52671756e-03, 0.0,
            0.0, 0.0, 1.52671756e-03, 1.52671756e-03, 0.0, 0.0, 0.0, 0.0,
            0.0, 0.0, 0.0, 0.0, 0.0, 1.52671756e-03, 1.52671756e-03, 0.0,
            0.0, 0.0, 0.0, 0.0, 0.0, 0.0, 0.0, 0.0, 0.0, 0.0, 0.0, 0.0,
            0.0, 0.0, 0.0, 0.0, 0.0, 0.0, 0.0, 0.0, 0.0, 0.0, 0.0, 0.0,
            0.0, 0.0, 0.0, 0.0, 0.0, 0.0, 1.52671756e-03, 0.0, 0.0,
            1.52671756e-03, 1.52671756e-03, 4.58015269e-03,
            6.10687025e-03, 3.05343512e-03, 4.58015269e-03, 0.0,
            1.52671756e-03, 3.05343512e-03, 1.52671756e-03,
            3.05343512e-03, 1.52671756e-03, 0.0, 3.05343512e-03, 0.0,
            1.52671756e-03, 0.0, 1.52671756e-03, 0.0, 3.05343512e-03,
            0.0, 0.0, 3.05343512e-03, 0.0, 1.52671756e-03, 0.0,
            1.52671756e-03, 0.0, 0.0, 0.0, 0.0, 0.0, 0.0, 0.0, 0.0, 0.0,
            0.0, 0.0, 0.0, 0.0, 1.52671756e-03, 0.0, 0.0, 0.0, 0.0, 0.0,
            0.0, 0.0, 0.0, 0.0, 4.58015269e-03, 0.0, 0.0, 0.0,
            1.52671756e-03, 3.05343512e-03, 3.05343512e-03,
            4.58015269e-03, 6.10687025e-03, 1.52671756e-03,
            1.52671756e-03, 4.58015269e-03, 1.06870234e-02,
            1.37404576e-02, 7.63358781e-03, 6.10687025e-03,
            9.16030537e-03, 1.52671756e-03, 4.58015269e-03,
            7.63358781e-03, 7.63358781e-03, 9.16030537e-03,
            1.06870234e-02, 1.06870234e-02, 1.37404576e-02,
            9.16030537e-03, 1.06870234e-02, 1.22137405e-02,
            7.63358781e-03, 1.06870234e-02, 1.98473278e-02,
            2.13740468e-02, 1.98473278e-02, 2.29007639e-02,
            1.98473278e-02, 1.98473278e-02, 1.22137405e-02,
            1.67938937e-02, 1.52671756e-02, 7.63358781e-03,
            7.63358781e-03, 4.58015269e-03, 7.63358781e-03,
            3.05343512e-03, 1.52671756e-03, 1.52671756e-03,
            1.52671756e-03, 3.05343512e-03, 1.52671756e-03, 0.0,
            1.52671756e-03, 0.0, 0.0, 1.52671756e-03, 0.0, 0.0, 0.0,
            1.52671756e-03, 0.0, 0.0, 9.16030537e-03, 0.0, 0.0, 0.0, 0.0,
            3.05343512e-03, 4.58015269e-03, 1.52671756e-03,
            6.10687025e-03, 7.63358781e-03, 1.52671756e-03,
            1.06870234e-02, 3.66412215e-02, 2.74809152e-02,
            2.74809152e-02, 7.02290088e-02, 6.87022880e-02,
            5.19083962e-02, 3.20610702e-02, 6.56488538e-02,
            3.81679386e-02, 3.81679386e-02, 4.58015278e-02,
            7.93893114e-02, 4.12213728e-02, 5.95419854e-02,
            5.80152683e-02, 5.80152683e-02, 5.34351133e-02,
            4.73282449e-02, 3.81679386e-02, 6.41221404e-02,
            3.66412215e-02, 5.03816791e-02, 6.25954196e-02,
            4.73282449e-02, 5.49618304e-02, 3.51145044e-02,
            2.74809152e-02, 1.98473278e-02, 1.06870234e-02,
            1.52671756e-02, 3.05343512e-03, 1.22137405e-02,
            3.05343512e-03, 7.63358781e-03, 6.10687025e-03,
            4.58015269e-03, 4.58015269e-03, 1.52671756e-03, 0.0, 0.0,
            1.52671756e-03, 3.05343512e-03, 0.0, 1.52671756e-03, 0.0,
            0.0, 1.52671756e-03, 7.63358781e-03, 7.63358781e-03, 0.0,
            0.0, 1.52671756e-03, 1.52671756e-03, 3.05343512e-03,
            3.05343512e-03, 9.16030537e-03, 3.20610702e-02,
            2.29007639e-02, 2.74809152e-02, 4.58015278e-02,
            1.28244281e-01, 2.06106871e-01, 3.93893123e-01,
            5.95419824e-01, 8.68702292e-01, 1.0, 9.17557240e-01,
            8.36641252e-01, 4.22900766e-01, 2.62595415e-01,
            1.64885491e-01, 1.92366406e-01, 1.31297708e-01,
            1.17557250e-01, 1.22137405e-01, 1.48091599e-01,
            1.41984731e-01, 1.46564886e-01, 1.49618328e-01,
            1.46564886e-01, 9.31297690e-02, 6.56488538e-02,
            8.09160322e-02, 6.25954196e-02, 5.95419854e-02,
            6.87022880e-02, 4.12213728e-02, 4.27480936e-02,
            1.52671756e-02, 2.29007639e-02, 7.63358781e-03,
            4.58015269e-03, 4.58015269e-03, 4.58015269e-03,
            6.10687025e-03, 3.05343512e-03, 4.58015269e-03,
            3.05343512e-03, 3.05343512e-03, 1.52671756e-03, 0.0,
            1.52671756e-03, 0.0, 0.0, 0.0, 0.0, 0.0, 1.52671756e-03, 0.0,
            0.0, 0.0, 0.0, 3.05343512e-03, 4.58015269e-03,
            4.58015269e-03, 1.37404576e-02, 3.20610702e-02,
            3.66412215e-02, 8.39694664e-02, 1.48091599e-01,
            2.94656485e-01, 4.10687029e-01, 3.19083959e-01,
            2.64122128e-01, 4.91603047e-01, 4.21374053e-01,
            4.74809170e-01, 5.09923637e-01, 3.37404579e-01,
            2.16793895e-01, 1.78625956e-01, 2.21374050e-01,
            1.38931304e-01, 8.24427456e-02, 4.58015278e-02,
            6.56488538e-02, 7.02290088e-02, 8.70229006e-02,
            8.24427456e-02, 6.41221404e-02, 2.59541981e-02,
            3.20610702e-02, 1.67938937e-02, 9.16030537e-03,
            4.58015269e-03, 6.10687025e-03, 1.52671756e-02,
            7.63358781e-03, 4.58015269e-03, 4.58015269e-03,
            1.52671756e-03, 1.52671756e-03, 1.52671756e-03,
            4.58015269e-03, 1.52671756e-03, 0.0, 0.0, 0.0, 0.0, 0.0, 0.0,
            0.0, 0.0, 0.0, 0.0, 0.0, 0.0, 0.0, 0.0, 0.0, 0.0, 0.0, 0.0,
            0.0, 6.10687025e-03, 1.22137405e-02, 9.16030537e-03,
            1.22137405e-02, 2.44274810e-02, 4.88549620e-02,
            1.43511444e-01, 7.78625980e-02, 6.25954196e-02,
            2.59541981e-02, 5.03816791e-02, 5.95419854e-02,
            6.10687025e-02, 7.02290088e-02, 2.29007639e-02,
            1.98473278e-02, 1.67938937e-02, 1.67938937e-02,
            9.16030537e-03, 6.10687025e-03, 6.10687025e-03,
            9.16030537e-03, 1.52671756e-02, 4.58015269e-03,
            3.05343512e-03, 9.16030537e-03, 4.58015269e-03,
            4.58015269e-03, 4.58015269e-03, 1.52671756e-03,
            1.52671756e-03, 0.0, 1.52671756e-03, 0.0, 0.0, 0.0, 0.0, 0.0,
            0.0, 0.0, 0.0, 0.0, 0.0, 0.0, 0.0, 0.0, 0.0, 0.0, 0.0, 0.0,
            0.0, 0.0, 0.0, 0.0, 0.0, 1.52671756e-03, 0.0, 3.05343512e-03,
            3.05343512e-03, 1.52671756e-03, 4.58015269e-03,
            1.52671756e-03, 7.63358781e-03, 6.10687025e-03,
            6.10687025e-03, 3.05343512e-03, 1.22137405e-02,
            1.06870234e-02, 7.63358781e-03, 6.10687025e-03,
            6.10687025e-03, 4.58015269e-03, 4.58015269e-03,
            1.37404576e-02, 6.10687025e-03, 7.63358781e-03,
            4.58015269e-03, 6.10687025e-03, 4.58015269e-03,
            7.63358781e-03, 3.05343512e-03, 6.10687025e-03,
            3.05343512e-03, 9.16030537e-03, 1.52671756e-03,
            3.05343512e-03, 3.05343512e-03, 1.52671756e-03, 0.0,
            3.05343512e-03, 0.0, 0.0, 1.52671756e-03, 0.0, 0.0, 0.0, 0.0,
            0.0, 0.0, 0.0, 0.0, 0.0, 0.0, 0.0, 0.0, 0.0, 0.0, 0.0, 0.0,
            0.0, 0.0, 0.0, 0.0, 0.0, 0.0, 0.0, 0.0, 0.0, 0.0,
            3.05343512e-03, 9.16030537e-03, 1.52671756e-03,
            6.10687025e-03, 4.58015269e-03, 3.05343512e-03,
            4.58015269e-03, 0.0, 6.10687025e-03, 3.05343512e-03,
            4.58015269e-03, 4.58015269e-03, 7.63358781e-03,
            3.05343512e-03, 3.35877873e-02, 3.05343512e-03,
            6.10687025e-03, 6.10687025e-03, 6.10687025e-03,
