{
    "h": {
        "type_id": "opencv-matrix",
        "rows": 50,
        "cols": 60,
        "dt": "f",
        "data": [ 4.08064514e-01, 0.0, 3.22580640e-03, 4.83870972e-03,
            8.06451589e-03, 4.83870972e-03, 1.61290320e-03,
            6.45161280e-03, 6.45161280e-03, 3.22580640e-03,
            3.22580640e-03, 3.22580640e-03, 0.0, 4.83870972e-03, 0.0,
            0.0, 0.0, 0.0, 0.0, 0.0, 4.83870972e-03, 0.0, 0.0, 0.0,
            1.61290320e-03, 0.0, 1.61290320e-03, 0.0, 3.22580640e-03,
            1.61290320e-03, 1.61290320e-03, 1.61290320e-03, 0.0,
            6.45161280e-03, 0.0, 3.22580640e-03, 0.0, 3.22580640e-03,
            1.61290320e-03, 0.0, 0.0, 0.0, 0.0, 0.0, 0.0, 0.0, 0.0, 0.0,
            0.0, 0.0, 0.0, 0.0, 0.0, 0.0, 0.0, 0.0, 0.0, 0.0, 0.0, 0.0,
            0.0, 6.45161280e-03, 3.22580640e-03, 1.93548389e-02,
            2.25806441e-02, 4.83870972e-03, 1.61290320e-03,
            6.45161280e-03, 1.29032256e-02, 8.06451589e-03,
            4.83870972e-03, 8.06451589e-03, 1.61290320e-03,
            6.45161280e-03, 3.22580640e-03, 3.22580640e-03,
            6.45161280e-03, 0.0, 3.22580640e-03, 4.83870972e-03,
            3.22580640e-03, 1.61290320e-03, 1.61290320e-03, 0.0,
            3.22580640e-03, 3.22580640e-03, 1.61290320e-03, 0.0,
            1.61290320e-03, 1.61290320e-03, 3.22580640e-03,
            1.61290320e-03, 3.22580640e-03, 0.0, 3.22580640e-03,
            6.45161280e-03, 4.83870972e-03, 4.83870972e-03,
            1.61290320e-03, 3.22580640e-03, 1.61290320e-03,
            3.22580640e-03, 0.0, 0.0, 1.61290320e-03, 1.61290320e-03,
            1.61290320e-03, 0.0, 0.0, 0.0, 0.0, 0.0, 0.0, 0.0, 0.0,
            1.61290320e-03, 1.61290320e-03, 0.0, 0.0, 1.61290320e-03,
            0.0, 0.0, 0.0, 3.22580640e-03, 1.61290320e-03, 0.0, 0.0,
            6.45161280e-03, 6.45161280e-03, 6.45161280e-03,
            1.61290320e-03, 9.67741944e-03, 3.22580640e-03,
            8.06451589e-03, 3.22580640e-03, 8.06451589e-03,
            1.61290320e-03, 9.67741944e-03, 9.67741944e-03,
            3.22580640e-03, 1.12903221e-02, 8.06451589e-03,
            6.45161280e-03, 4.83870972e-03, 8.06451589e-03,
            8.06451589e-03, 4.83870972e-03, 4.83870972e-03,
            4.83870972e-03, 8.06451589e-03, 1.29032256e-02,
            6.45161280e-03, 9.67741944e-03, 9.67741944e-03,
            1.29032256e-02, 2.58064512e-02, 2.58064512e-02,
            5.64516112e-02, 4.83870953e-02, 6.45161271e-02,
            5.32258041e-02, 2.74193548e-02, 2.90322583e-02,
            2.41935477e-02, 3.22580636e-02, 1.29032256e-02,
            3.22580640e-03, 8.06451589e-03, 4.83870972e-03,
            3.22580640e-03, 4.83870972e-03, 3.22580640e-03,
            1.61290320e-03, 4.83870972e-03, 3.22580640e-03,
            8.06451589e-03, 0.0, 0.0, 3.22580640e-03, 6.45161280e-03,
            0.0, 0.0, 4.83870972e-03, 8.06451589e-03, 2.74193548e-02,
            3.54838707e-02, 5.16129024e-02, 5.80645166e-02,
            4.03225794e-02, 1.77419353e-02, 1.93548389e-02,
            3.54838707e-02, 1.29032256e-02, 1.93548389e-02,
            6.45161280e-03, 1.93548389e-02, 1.29032256e-02,
            8.06451589e-03, 2.09677424e-02, 9.67741944e-03,
            2.41935477e-02, 2.25806441e-02, 3.06451600e-02,
            1.61290318e-02, 2.90322583e-02, 2.74193548e-02,
            4.03225794e-02, 2.58064512e-02, 2.25806441e-02,
            3.54838707e-02, 2.74193548e-02, 3.22580636e-02,
            2.90322583e-02, 5.32258041e-02, 5.32258041e-02,
            3.38709690e-02, 5.48387095e-02, 8.22580606e-02,
            4.19354849e-02, 5.16129024e-02, 6.29032254e-02,
            5.80645166e-02, 4.83870953e-02, 2.58064512e-02,
            1.77419353e-02, 1.93548389e-02, 3.22580640e-03,
            1.29032256e-02, 1.12903221e-02, 1.12903221e-02,
            6.45161280e-03, 1.93548389e-02, 9.67741944e-03,
            6.45161280e-03, 4.83870972e-03, 0.0, 8.06451589e-03, 0.0,
            3.22580640e-03, 8.06451589e-03, 0.0, 0.0, 0.0,
            1.12903221e-02, 3.22580640e-03, 6.45161280e-03,
            8.06451589e-03, 3.06451600e-02, 8.06451589e-03,
            1.61290318e-02, 1.45161292e-02, 2.41935477e-02,
            1.77419353e-02, 2.74193548e-02, 2.41935477e-02,
            1.77419353e-02, 1.45161292e-02, 1.12903221e-02,
            1.93548389e-02, 2.25806441e-02, 9.67741944e-03,
            2.41935477e-02, 2.41935477e-02, 2.41935477e-02,
            3.22580636e-02, 3.38709690e-02, 3.22580636e-02,
            1.93548389e-02, 2.58064512e-02, 9.67741944e-03,
            3.54838707e-02, 1.45161292e-02, 1.61290318e-02,
            1.29032256e-02, 1.12903221e-02, 2.09677424e-02,
            1.29032256e-02, 1.93548389e-02, 6.45161280e-03,
            6.45161280e-03, 4.83870972e-03, 8.06451589e-03,
            4.83870972e-03, 3.22580640e-03, 1.61290320e-03,
            1.61290320e-03, 4.83870972e-03, 4.83870972e-03,
            3.22580640e-03, 1.61290320e-03, 0.0, 1.61290320e-03, 0.0,
            1.61290320e-03, 3.22580640e-03, 4.83870972e-03,
            1.61290320e-03, 0.0, 0.0, 6.45161280e-03, 0.0,
            8.06451589e-03, 6.61290288e-02, 8.70967731e-02,
            6.45161271e-02, 8.70967731e-02, 7.25806430e-02,
            8.06451589e-02, 6.45161271e-02, 7.25806430e-02,
            5.16129024e-02, 6.61290288e-02, 5.80645166e-02,
            5.48387095e-02, 6.29032254e-02, 9.83870924e-02,
            8.06451589e-02, 7.74193555e-02, 1.06451608e-01,
            6.29032254e-02, 6.45161271e-02, 7.90322572e-02,
            1.33870959e-01, 1.03225805e-01, 8.06451589e-02,
            1.06451608e-01, 1.79032251e-01, 1.46774188e-01,
            1.27419353e-01, 1.17741935e-01, 9.83870924e-02,
            7.74193555e-02, 5.48387095e-02, 6.29032254e-02,
            2.90322583e-02, 3.38709690e-02, 1.61290318e-02,
            1.45161292e-02, 9.67741944e-03, 4.83870972e-03,
            1.61290320e-03, 4.83870972e-03, 3.22580640e-03,
            3.22580640e-03, 4.83870972e-03, 1.61290320e-03,
            6.45161280e-03, 3.22580640e-03, 0.0, 1.61290320e-03, 0.0,
            0.0, 1.61290320e-03, 1.61290320e-03, 0.0, 3.22580640e-03,
            0.0, 0.0, 0.0, 3.22580640e-03, 0.0, 8.06451589e-03,
            1.61290318e-02, 1.06451608e-01, 1.48387089e-01,
            1.37096778e-01, 1.24193549e-01, 1.25806451e-01,
            9.35483873e-02, 9.83870924e-02, 8.54838714e-02,
            1.01612903e-01, 6.12903200e-02, 8.38709697e-02,
            9.35483873e-02, 1.25806451e-01, 9.83870924e-02,
            1.30645156e-01, 1.16129033e-01, 1.00000001e-01,
            8.54838714e-02, 6.93548396e-02, 8.54838714e-02,
            7.25806430e-02, 7.90322572e-02, 1.01612903e-01,
            1.03225805e-01, 1.04838707e-01, 1.20967738e-01,
            9.03225765e-02, 1.24193549e-01, 4.83870953e-02,
            4.03225794e-02, 3.70967723e-02, 2.25806441e-02,
            1.29032256e-02, 2.09677424e-02, 1.29032256e-02,
            1.61290320e-03, 1.61290320e-03, 1.61290320e-03,
            8.06451589e-03, 4.83870972e-03, 4.83870972e-03,
            3.22580640e-03, 3.22580640e-03, 1.61290320e-03, 0.0,
            3.22580640e-03, 3.22580640e-03, 1.61290320e-03, 0.0,
            1.61290320e-03, 3.22580640e-03, 0.0, 0.0, 1.61290320e-03,
            0.0, 0.0, 3.22580640e-03, 0.0, 0.0, 0.0, 3.22580640e-03,
            4.19354849e-02, 5.00000007e-02, 3.38709690e-02,
            4.03225794e-02, 4.03225794e-02, 3.70967723e-02,
            5.48387095e-02, 3.70967723e-02, 3.87096778e-02,
            4.83870953e-02, 2.58064512e-02, 3.38709690e-02,
            2.74193548e-02, 4.19354849e-02, 5.80645166e-02,
            5.00000007e-02, 5.48387095e-02, 3.54838707e-02,
            3.70967723e-02, 1.77419353e-02, 2.58064512e-02,
            2.09677424e-02, 2.41935477e-02, 2.74193548e-02,
            1.61290318e-02, 9.67741944e-03, 1.77419353e-02,
            1.45161292e-02, 1.29032256e-02, 1.12903221e-02,
            3.22580640e-03, 3.22580640e-03, 8.06451589e-03,
