{
    "h": {
        "type_id": "opencv-matrix",
        "rows": 50,
        "cols": 60,
        "dt": "f",
        "data": [ 0.0, 0.0, 0.0, 0.0, 0.0, 0.0, 0.0, 0.0, 0.0, 0.0, 0.0,
            0.0, 0.0, 0.0, 0.0, 0.0, 0.0, 0.0, 0.0, 0.0, 0.0, 0.0, 0.0,
            0.0, 0.0, 0.0, 0.0, 0.0, 0.0, 0.0, 0.0, 0.0, 0.0, 0.0, 0.0,
            0.0, 0.0, 0.0, 0.0, 0.0, 0.0, 0.0, 0.0, 0.0, 0.0, 0.0, 0.0,
            0.0, 0.0, 0.0, 0.0, 0.0, 0.0, 0.0, 0.0, 0.0, 0.0, 0.0, 0.0,
            0.0, 0.0, 0.0, 0.0, 0.0, 0.0, 0.0, 0.0, 0.0, 0.0, 0.0, 0.0,
            0.0, 0.0, 0.0, 0.0, 0.0, 0.0, 0.0, 0.0, 0.0, 0.0, 0.0, 0.0,
            0.0, 0.0, 0.0, 0.0, 0.0, 0.0, 0.0, 0.0, 0.0, 0.0, 0.0, 0.0,
            0.0, 0.0, 0.0, 0.0, 0.0, 0.0, 0.0, 0.0, 0.0, 0.0, 0.0, 0.0,
            0.0, 0.0, 0.0, 0.0, 0.0, 0.0, 0.0, 0.0, 0.0, 0.0, 0.0, 0.0,
            0.0, 0.0, 0.0, 0.0, 0.0, 0.0, 0.0, 0.0, 0.0, 0.0, 0.0, 0.0,
            0.0, 0.0, 0.0, 0.0, 0.0, 0.0, 0.0, 0.0, 0.0, 2.89855059e-04,
            0.0, 0.0, 0.0, 2.89855059e-04, 0.0, 0.0, 0.0, 0.0, 0.0, 0.0,
            0.0, 0.0, 0.0, 0.0, 0.0, 0.0, 0.0, 0.0, 0.0, 0.0, 0.0, 0.0,
            0.0, 0.0, 0.0, 0.0, 0.0, 0.0, 0.0, 0.0, 0.0, 0.0, 0.0, 0.0,
            0.0, 0.0, 0.0, 0.0, 0.0, 0.0, 0.0, 0.0, 0.0, 0.0, 0.0, 0.0,
            0.0, 0.0, 0.0, 0.0, 0.0, 0.0, 0.0, 2.89855059e-04, 0.0,
            5.79710118e-04, 1.15942024e-03, 1.44927530e-03,
            2.89855059e-04, 1.15942024e-03, 1.15942024e-03,
            2.89855059e-04, 8.69565178e-04, 1.44927530e-03,
            1.15942024e-03, 1.44927530e-03, 2.89855059e-04,
            8.69565178e-04, 1.15942024e-03, 2.31884047e-03,
            2.02898541e-03, 1.73913036e-03, 1.15942024e-03,
            1.15942024e-03, 8.69565178e-04, 1.15942024e-03,
            1.73913036e-03, 5.79710118e-04, 2.89855059e-04, 0.0, 0.0,
            0.0, 2.89855059e-04, 0.0, 0.0, 0.0, 0.0, 0.0, 0.0, 0.0, 0.0,
            0.0, 0.0, 0.0, 0.0, 0.0, 0.0, 0.0, 2.89855059e-04, 0.0, 0.0,
            0.0, 0.0, 0.0, 0.0, 0.0, 0.0, 0.0, 0.0, 0.0, 2.89855059e-04,
            0.0, 8.69565178e-04, 1.73913036e-03, 1.73913036e-03,
            2.60869553e-03, 2.89855059e-03, 5.79710118e-03,
            4.92753601e-03, 4.34782589e-03, 5.21739107e-03,
            8.11594166e-03, 3.47826071e-03, 4.92753601e-03,
            5.21739107e-03, 7.53623154e-03, 5.21739107e-03,
            5.79710118e-03, 6.08695624e-03, 8.11594166e-03,
            4.92753601e-03, 4.63768095e-03, 5.50724613e-03,
            4.05797083e-03, 7.53623154e-03, 4.63768095e-03,
            6.95652142e-03, 4.05797083e-03, 6.37681130e-03,
            3.76811577e-03, 4.63768095e-03, 1.73913036e-03,
            1.73913036e-03, 2.02898541e-03, 5.79710118e-04,
            8.69565178e-04, 5.79710118e-04, 0.0, 0.0, 2.89855059e-04,
            5.79710118e-04, 2.89855059e-04, 0.0, 0.0, 2.89855059e-04,
            0.0, 0.0, 5.79710118e-04, 0.0, 0.0, 0.0, 0.0, 0.0, 0.0, 0.0,
            0.0, 2.89855059e-04, 0.0, 0.0, 5.79710118e-04,
            8.69565178e-04, 5.79710118e-04, 5.79710118e-04,
            2.89855059e-04, 2.89855059e-03, 1.15942024e-03,
            2.60869553e-03, 4.34782589e-03, 7.24637648e-03,
            4.92753601e-03, 4.34782589e-03, 5.79710118e-03,
            3.18840565e-03, 3.47826071e-03, 8.11594166e-03,
            6.66666636e-03, 7.24637648e-03, 8.40579718e-03,
            7.53623154e-03, 9.85507201e-03, 8.11594166e-03,
            6.95652142e-03, 1.50724631e-02, 1.59420278e-02,
            1.85507238e-02, 2.02898532e-02, 2.57971007e-02,
            2.55072452e-02, 2.14492753e-02, 1.94202885e-02,
            1.79710127e-02, 1.01449266e-02, 7.53623154e-03,
            7.24637648e-03, 5.21739107e-03, 3.18840565e-03,
            2.89855059e-03, 2.89855059e-03, 1.44927530e-03,
            1.15942024e-03, 5.79710118e-04, 5.79710118e-04,
            1.15942024e-03, 0.0, 0.0, 0.0, 0.0, 2.89855059e-04, 0.0, 0.0,
            0.0, 0.0, 0.0, 0.0, 0.0, 2.89855059e-04, 2.89855059e-04,
            8.69565178e-04, 1.15942024e-03, 1.15942024e-03,
            2.02898541e-03, 2.60869553e-03, 1.15942024e-03,
            5.79710118e-04, 4.34782589e-03, 2.02898541e-03,
            4.34782589e-03, 6.37681130e-03, 6.37681130e-03,
            5.79710118e-03, 5.21739107e-03, 7.82608613e-03,
            6.66666636e-03, 4.92753601e-03, 6.08695624e-03,
            6.95652142e-03, 6.66666636e-03, 6.08695624e-03,
            6.37681130e-03, 1.21739125e-02, 8.69565178e-03,
            9.56521742e-03, 2.46376805e-02, 2.02898532e-02,
            3.01449262e-02, 4.20289822e-02, 7.94202834e-02,
            8.17391276e-02, 1.13043472e-01, 2.01159418e-01,
            4.89275336e-01, 9.99999940e-01, 2.11884052e-01,
            2.43478250e-02, 4.92753601e-03, 8.69565178e-04,
            2.31884047e-03, 8.69565178e-04, 5.79710118e-04,
            2.89855059e-04, 2.89855059e-04, 0.0, 0.0, 2.89855059e-04,
            0.0, 2.89855059e-04, 0.0, 0.0, 2.89855059e-04, 0.0, 0.0, 0.0,
            0.0, 0.0, 0.0, 0.0, 0.0, 8.69565178e-04, 8.69565178e-04,
            5.79710118e-04, 8.69565178e-04, 8.69565178e-04,
            2.89855059e-03, 1.44927530e-03, 2.02898541e-03,
            2.02898541e-03, 2.02898541e-03, 1.15942024e-03,
            8.69565178e-04, 1.73913036e-03, 2.02898541e-03,
            1.44927530e-03, 2.60869553e-03, 8.69565178e-04,
            2.31884047e-03, 3.18840565e-03, 1.44927530e-03,
            1.15942024e-03, 2.02898541e-03, 8.69565178e-04,
            1.44927530e-03, 1.73913036e-03, 6.95652142e-03,
            2.08695643e-02, 7.24637648e-03, 2.60869553e-03,
            9.56521742e-03, 4.05797083e-03, 1.44927530e-03,
            2.31884047e-03, 2.60869553e-03, 8.69565178e-04,
            5.79710118e-04, 2.89855059e-04, 2.89855059e-04, 0.0, 0.0,
            0.0, 0.0, 0.0, 0.0, 0.0, 0.0, 0.0, 0.0, 0.0, 0.0, 0.0, 0.0,
            0.0, 0.0, 0.0, 0.0, 0.0, 0.0, 0.0, 2.89855059e-04,
            5.79710118e-04, 2.89855059e-04, 2.89855059e-04,
            1.44927530e-03, 8.69565178e-04, 5.79710118e-04,
            5.79710118e-04, 8.69565178e-04, 8.69565178e-04,
            8.69565178e-04, 2.89855059e-04, 5.79710118e-04, 0.0,
            5.79710118e-04, 5.79710118e-04, 8.69565178e-04,
            2.89855059e-03, 9.27536190e-03, 1.15942024e-03,
            8.69565178e-04, 5.79710118e-04, 5.79710118e-04,
            2.89855059e-04, 1.44927530e-03, 5.79710118e-04,
            2.89855059e-04, 5.79710118e-04, 2.89855059e-04, 0.0, 0.0,
            0.0, 0.0, 0.0, 0.0, 0.0, 0.0, 0.0, 0.0, 0.0, 0.0, 0.0, 0.0,
            0.0, 0.0, 0.0, 0.0, 0.0, 0.0, 0.0, 0.0, 0.0, 0.0, 0.0, 0.0,
            0.0, 0.0, 0.0, 0.0, 0.0, 0.0, 0.0, 0.0, 0.0, 0.0, 0.0, 0.0,
            2.89855059e-04, 2.89855059e-04, 2.89855059e-04, 0.0, 0.0,
            0.0, 0.0, 0.0, 0.0, 0.0, 1.15942024e-03, 5.21739107e-03,
            4.92753601e-03, 0.0, 5.79710118e-04, 2.89855059e-04,
            5.79710118e-04, 0.0, 0.0, 0.0, 0.0, 0.0, 0.0, 0.0, 0.0, 0.0,
            0.0, 0.0, 0.0, 0.0, 0.0, 0.0, 0.0, 0.0, 0.0, 0.0, 0.0, 0.0,
            0.0, 0.0, 0.0, 0.0, 0.0, 0.0, 0.0, 0.0, 0.0, 0.0, 0.0, 0.0,
            0.0, 0.0, 0.0, 0.0, 0.0, 0.0, 0.0, 0.0, 0.0, 0.0,
            8.69565178e-04, 8.69565178e-04, 0.0, 0.0, 0.0, 0.0, 0.0, 0.0,
            2.89855059e-04, 2.89855059e-04, 0.0, 0.0, 0.0, 0.0, 0.0, 0.0,
            0.0, 0.0, 0.0, 0.0, 0.0, 0.0, 0.0, 0.0, 0.0, 0.0, 0.0, 0.0,
            0.0, 0.0, 0.0, 0.0, 0.0, 0.0, 0.0, 0.0, 0.0, 0.0, 0.0, 0.0,
            0.0, 0.0, 0.0, 0.0, 0.0, 0.0, 0.0, 0.0, 0.0, 0.0, 0.0, 0.0,
            0.0, 0.0, 0.0, 0.0, 0.0, 0.0, 0.0, 0.0, 0.0, 8.69565178e-04,
            2.89855059e-04, 0.0, 0.0, 0.0, 2.89855059e-04, 0.0, 0.0, 0.0,
            0.0, 0.0, 0.0, 0.0, 0.0, 0.0, 0.0, 0.0, 0.0, 0.0, 0.0, 0.0,
            0.0, 0.0, 0.0, 0.0, 0.0, 0.0, 0.0, 0.0, 0.0, 0.0, 0.0, 0.0,
            0.0, 0.0, 0.0, 0.0, 0.0, 0.0, 0.0, 0.0, 0.0, 0.0, 0.0, 0.0,
            0.0, 0.0, 0.0, 0.0, 0.0, 0.0, 0.0, 0.0, 0.0, 0.0, 0.0, 0.0,
            0.0, 0.0, 0.0, 2.02898541e-03, 5.79710118e-04,
