{
    "h": {
        "type_id": "opencv-matrix",
        "rows": 50,
        "cols": 60,
        "dt": "f",
        "data": [ 0.0, 0.0, 0.0, 0.0, 0.0, 0.0, 0.0, 0.0, 0.0, 0.0, 0.0,
            0.0, 0.0, 0.0, 0.0, 0.0, 0.0, 0.0, 0.0, 0.0, 0.0, 0.0, 0.0,
            0.0, 0.0, 0.0, 0.0, 0.0, 0.0, 0.0, 0.0, 0.0, 0.0, 0.0, 0.0,
            0.0, 0.0, 0.0, 0.0, 0.0, 0.0, 0.0, 0.0, 0.0, 0.0, 0.0, 0.0,
            0.0, 0.0, 0.0, 0.0, 0.0, 0.0, 0.0, 0.0, 0.0, 0.0, 0.0, 0.0,
            0.0, 0.0, 0.0, 0.0, 0.0, 0.0, 0.0, 0.0, 0.0, 0.0, 0.0, 0.0,
            0.0, 0.0, 0.0, 0.0, 0.0, 0.0, 0.0, 0.0, 0.0, 0.0, 0.0, 0.0,
            0.0, 0.0, 0.0, 0.0, 0.0, 0.0, 0.0, 0.0, 0.0, 0.0, 0.0, 0.0,
            0.0, 0.0, 0.0, 0.0, 0.0, 0.0, 0.0, 0.0, 0.0, 0.0, 0.0, 0.0,
            0.0, 0.0, 0.0, 0.0, 0.0, 0.0, 0.0, 0.0, 0.0, 0.0, 0.0, 0.0,
            0.0, 0.0, 0.0, 0.0, 0.0, 0.0, 0.0, 0.0, 0.0, 0.0, 0.0, 0.0,
            0.0, 0.0, 0.0, 0.0, 0.0, 0.0, 0.0, 0.0, 0.0, 0.0, 0.0, 0.0,
            0.0, 0.0, 0.0, 0.0, 0.0, 0.0, 0.0, 0.0, 0.0, 0.0, 0.0, 0.0,
            0.0, 0.0, 0.0, 0.0, 0.0, 0.0, 0.0, 0.0, 0.0, 0.0, 0.0, 0.0,
            0.0, 0.0, 0.0, 0.0, 0.0, 0.0, 0.0, 0.0, 0.0, 0.0, 0.0, 0.0,
            0.0, 0.0, 0.0, 0.0, 0.0, 0.0, 0.0, 0.0, 0.0, 0.0, 0.0, 0.0,
            0.0, 0.0, 0.0, 0.0, 0.0, 0.0, 0.0, 0.0, 0.0, 0.0, 0.0, 0.0,
            0.0, 0.0, 0.0, 0.0, 0.0, 0.0, 0.0, 0.0, 0.0, 0.0, 0.0, 0.0,
            0.0, 0.0, 0.0, 0.0, 0.0, 0.0, 0.0, 0.0, 0.0, 0.0, 0.0, 0.0,
            0.0, 0.0, 0.0, 0.0, 0.0, 0.0, 0.0, 0.0, 0.0, 0.0, 0.0, 0.0,
            0.0, 0.0, 0.0, 0.0, 0.0, 0.0, 0.0, 0.0, 0.0, 0.0, 0.0, 0.0,
            0.0, 0.0, 0.0, 0.0, 0.0, 0.0, 0.0, 0.0, 0.0, 0.0, 0.0, 0.0,
            0.0, 0.0, 0.0, 2.13219621e-03, 0.0, 0.0, 0.0, 0.0, 0.0,
            2.13219621e-03, 0.0, 0.0, 4.26439242e-03, 2.13219621e-03,
            2.13219621e-03, 2.13219621e-03, 0.0, 0.0, 0.0, 0.0, 0.0, 0.0,
            0.0, 0.0, 0.0, 0.0, 0.0, 0.0, 0.0, 0.0, 0.0, 0.0, 0.0, 0.0,
            0.0, 0.0, 0.0, 0.0, 0.0, 0.0, 0.0, 0.0, 0.0, 0.0, 0.0, 0.0,
            0.0, 0.0, 0.0, 2.13219621e-03, 0.0, 0.0, 0.0, 0.0, 0.0,
            2.13219621e-03, 2.13219621e-03, 0.0, 0.0, 2.13219621e-03,
            0.0, 0.0, 0.0, 6.39658887e-03, 8.52878485e-03, 0.0, 0.0, 0.0,
            1.06609808e-02, 6.39658887e-03, 6.39658887e-03,
            6.39658887e-03, 4.26439242e-03, 6.39658887e-03,
            6.39658887e-03, 0.0, 4.26439242e-03, 2.13219621e-03,
            4.26439242e-03, 0.0, 0.0, 0.0, 0.0, 0.0, 0.0, 0.0, 0.0, 0.0,
            0.0, 0.0, 0.0, 0.0, 0.0, 0.0, 0.0, 0.0, 0.0, 0.0, 0.0, 0.0,
            0.0, 0.0, 0.0, 0.0, 0.0, 4.26439242e-03, 4.26439242e-03, 0.0,
            0.0, 0.0, 8.52878485e-03, 6.39658887e-03, 4.26439242e-03,
            0.0, 0.0, 2.13219621e-03, 0.0, 4.26439242e-03,
            4.26439242e-03, 1.27931777e-02, 6.39658887e-03,
            8.52878485e-03, 8.52878485e-03, 1.27931777e-02, 0.0,
            1.91897657e-02, 8.52878485e-03, 1.27931777e-02,
            2.13219617e-02, 2.13219617e-02, 1.49253737e-02,
            8.52878485e-03, 6.39658887e-03, 2.13219617e-02,
            2.13219617e-02, 1.91897657e-02, 1.27931777e-02,
            1.49253737e-02, 1.06609808e-02, 4.26439242e-03,
            6.39658887e-03, 4.26439242e-03, 2.13219621e-03, 0.0, 0.0,
            2.13219621e-03, 4.26439242e-03, 0.0, 0.0, 2.13219621e-03,
            0.0, 0.0, 0.0, 0.0, 0.0, 0.0, 0.0, 0.0, 0.0, 0.0, 0.0, 0.0,
            0.0, 0.0, 2.13219621e-03, 2.13219621e-03, 0.0, 0.0,
            4.26439242e-03, 1.06609808e-02, 6.39658887e-03,
            6.39658887e-03, 0.0, 2.13219621e-03, 8.52878485e-03,
            4.26439242e-03, 6.39658887e-03, 1.49253737e-02,
            6.39658887e-03, 1.27931777e-02, 0.0, 1.70575697e-02,
            1.49253737e-02, 1.27931777e-02, 1.27931777e-02,
            1.06609808e-02, 1.91897657e-02, 2.13219617e-02,
            3.41151394e-02, 2.34541576e-02, 2.98507474e-02,
            1.27931777e-02, 1.27931777e-02, 2.13219617e-02,
            2.34541576e-02, 6.39658887e-03, 6.39658887e-03,
            1.27931777e-02, 6.39658887e-03, 6.39658887e-03,
            6.39658887e-03, 0.0, 6.39658887e-03, 0.0, 2.13219621e-03,
            0.0, 0.0, 0.0, 0.0, 2.13219621e-03, 0.0, 0.0, 0.0, 0.0, 0.0,
            0.0, 0.0, 0.0, 0.0, 0.0, 0.0, 0.0, 4.26439242e-03, 0.0,
            2.13219621e-03, 8.52878485e-03, 4.26439242e-03,
            1.27931777e-02, 1.27931777e-02, 6.39658887e-03,
            8.52878485e-03, 4.26439242e-03, 6.39658887e-03,
            2.13219617e-02, 1.27931777e-02, 1.91897657e-02,
            2.34541576e-02, 3.19829434e-02, 2.34541576e-02,
            2.98507474e-02, 3.41151394e-02, 4.05117273e-02,
            3.41151394e-02, 5.11727110e-02, 4.47761193e-02,
            2.13219617e-02, 3.41151394e-02, 6.18336909e-02,
            3.83795314e-02, 2.13219617e-02, 2.98507474e-02,
            1.49253737e-02, 8.52878485e-03, 2.13219621e-03,
            2.13219621e-03, 0.0, 0.0, 0.0, 0.0, 0.0, 0.0, 0.0, 0.0, 0.0,
            0.0, 0.0, 0.0, 0.0, 0.0, 0.0, 0.0, 0.0, 0.0, 0.0, 0.0, 0.0,
            0.0, 0.0, 0.0, 0.0, 0.0, 0.0, 1.27931777e-02, 1.06609808e-02,
            1.27931777e-02, 2.13219621e-03, 8.52878485e-03,
            1.27931777e-02, 2.98507474e-02, 1.49253737e-02,
            8.52878485e-03, 1.06609808e-02, 2.55863555e-02,
            1.91897657e-02, 1.49253737e-02, 2.34541576e-02,
            1.49253737e-02, 3.62473354e-02, 3.41151394e-02,
            4.47761193e-02, 6.39658868e-02, 8.31556544e-02,
            1.10874206e-01, 1.98294252e-01, 1.85501069e-01,
            2.49466956e-01, 2.43070364e-01, 2.21748412e-01,
            1.02345422e-01, 5.54371029e-02, 2.13219617e-02,
            1.49253737e-02, 6.39658887e-03, 4.26439242e-03, 0.0, 0.0,
            0.0, 0.0, 0.0, 0.0, 0.0, 0.0, 0.0, 0.0, 0.0, 0.0, 0.0, 0.0,
            0.0, 0.0, 0.0, 0.0, 0.0, 0.0, 0.0, 0.0, 0.0, 0.0, 0.0, 0.0,
            0.0, 0.0, 0.0, 2.13219621e-03, 0.0, 0.0, 2.13219621e-03,
            8.52878485e-03, 1.27931777e-02, 1.06609808e-02,
            1.06609808e-02, 1.27931777e-02, 1.91897657e-02,
            1.06609808e-02, 2.55863555e-02, 3.41151394e-02,
            3.62473354e-02, 4.47761193e-02, 3.62473354e-02,
            1.17270790e-01, 2.00426444e-01, 2.68656731e-01,
            4.39232409e-01, 1.0, 9.65884864e-01, 7.67590642e-01,
            8.18763375e-01, 7.35607684e-01, 2.55863547e-01,
            1.02345422e-01, 3.62473354e-02, 1.27931777e-02,
            1.06609808e-02, 2.13219621e-03, 0.0, 2.13219621e-03, 0.0,
            0.0, 0.0, 0.0, 2.13219621e-03, 0.0, 0.0, 0.0, 0.0, 0.0, 0.0,
            0.0, 0.0, 0.0, 0.0, 0.0, 0.0, 0.0, 0.0, 0.0, 0.0, 0.0, 0.0,
            0.0, 0.0, 0.0, 0.0, 0.0, 2.13219621e-03, 0.0, 2.13219621e-03,
            2.13219621e-03, 0.0, 2.13219621e-03, 2.13219621e-03,
            4.26439242e-03, 1.06609808e-02, 1.91897657e-02,
            1.27931777e-02, 2.77185515e-02, 3.41151394e-02,
            7.67590627e-02, 5.75692989e-02, 9.80810225e-02,
            1.53518125e-01, 1.81236684e-01, 2.30277196e-01,
            3.36887002e-01, 2.38805979e-01, 1.81236684e-01,
            1.10874206e-01, 1.38592750e-01, 6.18336909e-02,
            1.49253737e-02, 1.06609808e-02, 1.49253737e-02,
            6.39658887e-03, 2.13219621e-03, 2.13219621e-03, 0.0,
            2.13219621e-03, 2.13219621e-03, 4.26439242e-03,
            2.13219621e-03, 4.26439242e-03, 0.0, 0.0, 0.0, 0.0, 0.0, 0.0,
            0.0, 0.0, 2.13219621e-03, 0.0, 2.13219621e-03, 0.0, 0.0, 0.0,
            0.0, 0.0, 0.0, 0.0, 0.0, 0.0, 0.0, 0.0, 0.0, 0.0, 0.0,
            2.13219621e-03, 0.0, 4.26439242e-03, 0.0, 0.0,
            2.13219621e-03, 1.06609808e-02, 6.39658887e-03,
            1.06609808e-02, 1.49253737e-02, 3.41151394e-02,
            2.34541576e-02, 2.55863555e-02, 7.03624785e-02,
            6.60980791e-02, 7.24946707e-02, 7.24946707e-02,
            6.82302788e-02, 6.82302788e-02, 4.26439233e-02,
            4.26439233e-02, 2.98507474e-02, 2.55863555e-02,
