{
    "h": {
        "type_id": "opencv-matrix",
        "rows": 50,
        "cols": 60,
        "dt": "f",
        "data": [ 0.0, 0.0, 0.0, 0.0, 0.0, 0.0, 0.0, 0.0, 0.0, 0.0, 0.0,
            0.0, 0.0, 0.0, 0.0, 0.0, 0.0, 0.0, 0.0, 0.0, 0.0, 0.0, 0.0,
            0.0, 0.0, 0.0, 0.0, 0.0, 0.0, 0.0, 0.0, 0.0, 0.0, 0.0, 0.0,
            0.0, 0.0, 0.0, 0.0, 0.0, 0.0, 0.0, 0.0, 0.0, 0.0, 0.0, 0.0,
            0.0, 0.0, 0.0, 0.0, 0.0, 0.0, 0.0, 0.0, 0.0, 0.0, 0.0, 0.0,
            0.0, 0.0, 0.0, 0.0, 0.0, 0.0, 0.0, 0.0, 0.0, 0.0, 0.0, 0.0,
            0.0, 0.0, 0.0, 0.0, 0.0, 0.0, 0.0, 0.0, 0.0, 0.0, 0.0, 0.0,
            0.0, 0.0, 0.0, 0.0, 0.0, 0.0, 0.0, 0.0, 0.0, 0.0, 0.0, 0.0,
            0.0, 0.0, 0.0, 0.0, 0.0, 0.0, 0.0, 0.0, 0.0, 0.0, 0.0, 0.0,
            0.0, 0.0, 0.0, 0.0, 0.0, 0.0, 0.0, 0.0, 0.0, 0.0, 0.0, 0.0,
            0.0, 0.0, 0.0, 0.0, 6.35593198e-03, 2.11864407e-03, 0.0,
            2.11864407e-03, 2.11864407e-03, 0.0, 4.23728814e-03, 0.0,
            0.0, 0.0, 0.0, 0.0, 0.0, 0.0, 0.0, 0.0, 0.0, 0.0, 0.0, 0.0,
            0.0, 0.0, 0.0, 0.0, 0.0, 0.0, 0.0, 0.0, 0.0, 0.0, 0.0, 0.0,
            0.0, 0.0, 0.0, 0.0, 0.0, 0.0, 0.0, 0.0, 0.0, 0.0, 0.0, 0.0,
            0.0, 0.0, 0.0, 0.0, 0.0, 0.0, 0.0, 0.0, 0.0, 0.0, 0.0, 0.0,
            0.0, 0.0, 0.0, 4.23728814e-03, 2.96610165e-02,
            2.11864407e-03, 2.11864407e-03, 2.11864407e-03,
            8.47457629e-03, 4.23728814e-03, 2.11864407e-03, 0.0, 0.0,
            0.0, 0.0, 0.0, 0.0, 2.11864407e-03, 0.0, 0.0, 0.0, 0.0, 0.0,
            0.0, 0.0, 0.0, 0.0, 2.11864407e-03, 0.0, 0.0, 2.11864407e-03,
            0.0, 0.0, 0.0, 0.0, 0.0, 0.0, 0.0, 0.0, 0.0, 0.0, 0.0, 0.0,
            0.0, 0.0, 0.0, 0.0, 0.0, 0.0, 0.0, 0.0, 0.0, 0.0,
            2.11864407e-03, 0.0, 0.0, 0.0, 0.0, 0.0, 0.0, 0.0, 0.0, 0.0,
            0.0, 1.27118640e-02, 2.96610165e-02, 2.75423732e-02,
            2.11864412e-02, 8.47457629e-03, 6.35593198e-03,
            4.23728814e-03, 2.11864407e-03, 4.23728814e-03,
            4.23728814e-03, 2.11864407e-03, 2.11864407e-03, 0.0,
            2.11864407e-03, 0.0, 0.0, 0.0, 2.11864407e-03, 0.0, 0.0,
            2.11864407e-03, 0.0, 4.23728814e-03, 1.48305083e-02,
            1.48305083e-02, 4.23728814e-03, 2.33050846e-02,
            5.08474559e-02, 4.66101691e-02, 2.96610165e-02,
            2.96610165e-02, 3.17796618e-02, 1.69491526e-02,
            1.27118640e-02, 8.47457629e-03, 0.0, 6.35593198e-03,
            2.11864407e-03, 6.35593198e-03, 0.0, 6.35593198e-03,
            2.11864407e-03, 0.0, 0.0, 0.0, 2.11864407e-03, 0.0,
            4.23728814e-03, 0.0, 0.0, 0.0, 0.0, 0.0, 0.0, 0.0, 0.0, 0.0,
            0.0, 0.0, 1.27118640e-02, 3.60169485e-02, 7.83898309e-02,
            6.56779632e-02, 1.90677959e-02, 2.11864412e-02,
            1.05932206e-02, 1.05932206e-02, 6.35593198e-03,
            1.48305083e-02, 4.23728814e-03, 8.47457629e-03,
            4.23728814e-03, 4.23728814e-03, 4.23728814e-03,
            4.23728814e-03, 1.05932206e-02, 0.0, 6.35593198e-03,
            4.23728814e-03, 2.96610165e-02, 1.48305083e-02,
            1.27118640e-02, 3.17796618e-02, 4.23728824e-02,
            5.72033897e-02, 8.05084780e-02, 1.08050846e-01,
            1.52542368e-01, 1.80084750e-01, 2.07627118e-01,
            2.24576265e-01, 1.37711868e-01, 1.16525427e-01,
            6.14406765e-02, 5.08474559e-02, 4.02542390e-02,
            3.17796618e-02, 2.96610165e-02, 2.54237279e-02,
            6.35593198e-03, 1.48305083e-02, 6.35593198e-03,
            1.69491526e-02, 2.11864407e-03, 4.23728814e-03,
            6.35593198e-03, 2.11864407e-03, 2.11864407e-03, 0.0, 0.0,
            0.0, 0.0, 0.0, 0.0, 0.0, 2.11864407e-03, 2.11864407e-03, 0.0,
            0.0, 2.11864407e-03, 1.48305083e-02, 1.39830515e-01,
            1.69491526e-02, 4.23728814e-03, 1.48305083e-02,
            6.35593198e-03, 1.69491526e-02, 1.05932206e-02,
            8.47457629e-03, 1.48305083e-02, 8.47457629e-03,
            1.69491526e-02, 2.33050846e-02, 2.33050846e-02,
            2.75423732e-02, 4.23728824e-02, 2.54237279e-02,
            4.02542390e-02, 3.60169485e-02, 6.35593235e-02,
            2.96610165e-02, 5.50847463e-02, 3.81355919e-02,
            5.93220331e-02, 4.87288125e-02, 6.35593235e-02,
            8.68644044e-02, 1.01694912e-01, 7.41525441e-02,
            6.35593235e-02, 8.05084780e-02, 6.14406765e-02,
            5.29661030e-02, 3.60169485e-02, 3.17796618e-02,
            1.69491526e-02, 1.27118640e-02, 1.69491526e-02,
            1.05932206e-02, 4.23728814e-03, 6.35593198e-03,
            2.11864407e-03, 4.23728814e-03, 0.0, 0.0, 2.11864407e-03,
            2.11864407e-03, 0.0, 0.0, 0.0, 0.0, 0.0, 0.0, 0.0, 0.0, 0.0,
            0.0, 0.0, 0.0, 0.0, 1.27118640e-02, 4.44915257e-02,
            1.48305083e-02, 1.27118640e-02, 1.27118640e-02,
            1.48305083e-02, 1.48305083e-02, 6.35593198e-03,
            1.48305083e-02, 6.35593198e-03, 8.47457629e-03,
            2.11864412e-02, 1.90677959e-02, 8.47457629e-03,
            2.11864412e-02, 4.66101691e-02, 3.17796618e-02,
            3.60169485e-02, 6.99152574e-02, 7.83898309e-02,
            3.17796618e-02, 4.66101691e-02, 4.02542390e-02,
            4.87288125e-02, 3.38983051e-02, 5.29661030e-02,
            5.72033897e-02, 6.14406765e-02, 6.14406765e-02,
            3.38983051e-02, 3.81355919e-02, 2.75423732e-02,
            8.47457629e-03, 1.48305083e-02, 1.05932206e-02,
            1.05932206e-02, 2.11864407e-03, 2.11864407e-03,
            4.23728814e-03, 0.0, 0.0, 0.0, 0.0, 0.0, 0.0, 0.0, 0.0, 0.0,
            0.0, 0.0, 0.0, 0.0, 0.0, 0.0, 0.0, 0.0, 0.0, 0.0, 0.0,
            1.69491526e-02, 5.50847463e-02, 2.33050846e-02,
            1.69491526e-02, 1.48305083e-02, 2.75423732e-02,
            1.48305083e-02, 1.69491526e-02, 2.11864412e-02,
            2.96610165e-02, 1.27118640e-02, 1.05932206e-02,
            4.23728814e-03, 2.11864407e-03, 4.23728814e-03,
            2.11864407e-03, 1.27118640e-02, 1.90677959e-02,
            2.75423732e-02, 3.17796618e-02, 3.38983051e-02,
            4.02542390e-02, 5.29661030e-02, 5.08474559e-02,
            7.20338970e-02, 6.56779632e-02, 8.26271176e-02,
            6.56779632e-02, 7.20338970e-02, 4.66101691e-02,
            4.02542390e-02, 1.90677959e-02, 8.47457629e-03,
            1.48305083e-02, 6.35593198e-03, 8.47457629e-03,
            2.11864407e-03, 4.23728814e-03, 0.0, 0.0, 2.11864407e-03,
            0.0, 2.11864407e-03, 0.0, 0.0, 0.0, 0.0, 0.0, 0.0, 0.0, 0.0,
            0.0, 0.0, 0.0, 0.0, 0.0, 0.0, 0.0, 0.0, 8.47457629e-03,
            2.11864407e-03, 2.33050846e-02, 1.90677959e-02,
            2.33050846e-02, 2.75423732e-02, 4.23728824e-02,
            1.90677959e-02, 2.96610165e-02, 2.75423732e-02,
            1.05932206e-02, 1.27118640e-02, 1.27118640e-02,
            6.35593198e-03, 1.48305083e-02, 4.23728814e-03,
            6.35593198e-03, 1.05932206e-02, 2.11864412e-02,
            1.90677959e-02, 1.90677959e-02, 3.81355919e-02,
            4.44915257e-02, 7.41525441e-02, 9.11016986e-02,
            1.61016956e-01, 2.20338985e-01, 2.28813559e-01,
            2.50000000e-01, 2.11864412e-01, 8.89830515e-02,
            2.96610165e-02, 1.05932206e-02, 1.48305083e-02,
            2.11864407e-03, 2.11864407e-03, 2.11864407e-03, 0.0,
            2.11864407e-03, 0.0, 0.0, 0.0, 0.0, 0.0, 2.11864407e-03, 0.0,
            0.0, 2.11864407e-03, 0.0, 0.0, 0.0, 0.0, 0.0, 0.0, 0.0, 0.0,
            0.0, 0.0, 0.0, 0.0, 2.11864407e-03, 0.0, 6.35593198e-03,
            1.27118640e-02, 4.23728814e-03, 8.47457629e-03,
            8.47457629e-03, 8.47457629e-03, 1.05932206e-02,
            6.35593198e-03, 1.05932206e-02, 1.05932206e-02,
            8.47457629e-03, 1.05932206e-02, 1.05932206e-02,
            1.69491526e-02, 1.48305083e-02, 4.44915257e-02,
            1.69491526e-02, 4.44915257e-02, 7.62711838e-02,
            1.39830515e-01, 1.90677971e-01, 3.09322029e-01,
            4.85169500e-01, 9.97881353e-01, 9.34322059e-01,
