{
    "h": {
        "type_id": "opencv-matrix",
        "rows": 50,
        "cols": 60,
        "dt": "f",
        "data": [ 0.0, 0.0, 0.0, 0.0, 0.0, 0.0, 1.38312590e-03,
            2.76625180e-03, 5.53250359e-03, 1.38312590e-03, 0.0, 0.0,
            0.0, 0.0, 1.38312590e-03, 2.76625180e-03, 0.0,
            1.38312590e-03, 0.0, 0.0, 0.0, 0.0, 0.0, 0.0, 0.0, 0.0, 0.0,
            0.0, 0.0, 0.0, 1.38312590e-03, 0.0, 0.0, 0.0, 0.0, 0.0, 0.0,
            0.0, 0.0, 0.0, 0.0, 0.0, 0.0, 0.0, 0.0, 0.0, 0.0, 0.0, 0.0,
            0.0, 0.0, 0.0, 0.0, 0.0, 0.0, 0.0, 0.0, 0.0, 0.0, 0.0, 0.0,
            0.0, 0.0, 1.38312590e-03, 0.0, 1.38312590e-03,
            1.38312590e-03, 0.0, 0.0, 0.0, 1.38312590e-03,
            2.76625180e-03, 1.38312590e-03, 1.38312590e-03,
            1.38312590e-03, 4.14937781e-03, 0.0, 0.0, 1.38312590e-03,
            0.0, 2.76625180e-03, 1.38312590e-03, 0.0, 1.38312590e-03,
            0.0, 0.0, 0.0, 0.0, 0.0, 0.0, 0.0, 1.38312590e-03, 0.0,
            1.38312590e-03, 4.14937781e-03, 0.0, 0.0, 0.0, 0.0, 0.0, 0.0,
            0.0, 0.0, 0.0, 0.0, 0.0, 0.0, 0.0, 0.0, 0.0, 0.0, 0.0, 0.0,
            0.0, 0.0, 0.0, 0.0, 0.0, 0.0, 1.38312590e-03, 0.0, 0.0, 0.0,
            0.0, 0.0, 1.38312590e-03, 1.38312590e-03, 0.0, 0.0,
            1.38312590e-03, 2.76625180e-03, 4.14937781e-03,
            1.38312590e-03, 0.0, 0.0, 1.38312590e-03, 0.0,
            6.91562938e-03, 2.76625180e-03, 2.76625180e-03,
            2.76625180e-03, 1.38312590e-03, 1.38312590e-03,
            1.38312590e-03, 1.38312590e-03, 1.38312590e-03, 0.0,
            1.38312590e-03, 1.38312590e-03, 0.0, 1.38312590e-03, 0.0,
            1.38312590e-03, 0.0, 0.0, 0.0, 1.38312590e-03, 0.0, 0.0, 0.0,
            1.38312590e-03, 0.0, 0.0, 0.0, 0.0, 0.0, 0.0, 0.0, 0.0, 0.0,
            0.0, 0.0, 0.0, 0.0, 0.0, 0.0, 0.0, 0.0, 0.0, 1.38312590e-03,
            0.0, 0.0, 0.0, 0.0, 0.0, 0.0, 8.29875562e-03, 1.38312590e-03,
            2.76625180e-03, 0.0, 8.29875562e-03, 9.68188141e-03,
            8.29875562e-03, 4.14937781e-03, 5.53250359e-03, 0.0,
            1.10650072e-02, 5.53250359e-03, 5.53250359e-03,
            6.91562938e-03, 2.76625180e-03, 8.29875562e-03,
            1.24481330e-02, 1.24481330e-02, 1.10650072e-02,
            1.24481330e-02, 1.10650072e-02, 1.52143845e-02,
            1.10650072e-02, 1.38312588e-02, 1.52143845e-02,
            1.65975112e-02, 2.76625175e-02, 2.48962659e-02,
            2.07468886e-02, 1.10650072e-02, 8.29875562e-03,
            9.68188141e-03, 1.10650072e-02, 9.68188141e-03,
            6.91562938e-03, 4.14937781e-03, 1.38312590e-03,
            1.38312590e-03, 1.38312590e-03, 2.76625180e-03,
            4.14937781e-03, 2.76625180e-03, 0.0, 0.0, 1.38312590e-03,
            0.0, 0.0, 1.38312590e-03, 1.38312590e-03, 1.38312590e-03,
            1.38312590e-03, 1.38312590e-03, 1.38312590e-03,
            5.53250359e-03, 0.0, 0.0, 0.0, 1.38312590e-03,
            1.38312590e-03, 1.38312590e-03, 6.91562938e-03,
            8.29875562e-03, 1.24481330e-02, 9.68188141e-03,
            3.45781483e-02, 6.08575381e-02, 3.18118967e-02,
            3.31950225e-02, 4.56431545e-02, 8.57538059e-02,
            8.16044286e-02, 7.33056739e-02, 8.71369317e-02,
            5.39419092e-02, 3.59612741e-02, 2.90456433e-02,
            7.19225481e-02, 3.73443998e-02, 4.28769030e-02,
            3.18118967e-02, 5.39419092e-02, 3.87275256e-02,
            4.70262803e-02, 3.59612741e-02, 4.28769030e-02,
            3.73443998e-02, 4.01106514e-02, 4.01106514e-02,
            3.59612741e-02, 3.45781483e-02, 4.14937772e-02,
            3.87275256e-02, 2.07468886e-02, 1.10650072e-02,
            9.68188141e-03, 1.52143845e-02, 8.29875562e-03,
            2.76625180e-03, 6.91562938e-03, 8.29875562e-03, 0.0,
            6.91562938e-03, 4.14937781e-03, 4.14937781e-03, 0.0,
            1.38312590e-03, 0.0, 0.0, 1.38312590e-03, 2.76625180e-03,
            5.53250359e-03, 0.0, 2.76625180e-03, 4.14937781e-03, 0.0,
            0.0, 0.0, 0.0, 4.14937781e-03, 4.14937781e-03,
            1.79806370e-02, 2.48962659e-02, 1.10650072e-02,
            3.59612741e-02, 4.84094061e-02, 1.05117567e-01,
            1.83955744e-01, 2.97372073e-01, 5.15905976e-01,
            9.28077459e-01, 1.0, 9.34993088e-01, 7.08160460e-01,
            3.80359620e-01, 2.54495174e-01, 1.86721995e-01,
            1.54910102e-01, 1.24481328e-01, 1.32780090e-01,
            1.18948825e-01, 1.92254499e-01, 1.31396964e-01,
            1.21715076e-01, 1.38312593e-01, 1.30013838e-01,
            4.70262803e-02, 5.11756577e-02, 8.16044286e-02,
            5.67081608e-02, 4.70262803e-02, 3.73443998e-02,
            4.28769030e-02, 9.68188141e-03, 1.24481330e-02,
            6.91562938e-03, 2.76625180e-03, 2.76625180e-03,
            4.14937781e-03, 4.14937781e-03, 4.14937781e-03,
            1.38312590e-03, 1.38312590e-03, 1.38312590e-03, 0.0, 0.0,
            0.0, 1.38312590e-03, 0.0, 1.38312590e-03, 0.0, 0.0, 0.0, 0.0,
            0.0, 0.0, 0.0, 0.0, 0.0, 2.76625180e-03, 1.38312590e-03,
            1.93637628e-02, 1.65975112e-02, 5.25587834e-02,
            7.74550512e-02, 1.35546342e-01, 2.97372073e-01,
            2.87690192e-01, 3.22268337e-01, 3.47164601e-01,
            4.35684651e-01, 3.48547727e-01, 3.36099595e-01,
            4.31535274e-01, 3.12586457e-01, 2.40663901e-01,
            1.42461970e-01, 1.61825731e-01, 9.12863091e-02,
            7.74550512e-02, 5.11756577e-02, 4.70262803e-02,
            4.01106514e-02, 6.63900450e-02, 8.29875544e-02,
            5.39419092e-02, 4.01106514e-02, 2.07468886e-02,
            2.76625175e-02, 1.38312588e-02, 2.48962659e-02,
            1.93637628e-02, 8.29875562e-03, 1.24481330e-02,
            1.38312588e-02, 6.91562938e-03, 4.14937781e-03,
            2.76625180e-03, 2.76625180e-03, 8.29875562e-03, 0.0,
            1.38312590e-03, 2.76625180e-03, 1.38312590e-03, 0.0,
            1.38312590e-03, 0.0, 1.38312590e-03, 0.0, 0.0, 0.0, 0.0, 0.0,
            0.0, 0.0, 0.0, 0.0, 0.0, 1.38312590e-03, 2.76625180e-03,
            1.38312590e-03, 4.14937781e-03, 8.29875562e-03,
            8.29875562e-03, 3.31950225e-02, 4.28769030e-02,
            9.54356864e-02, 5.53250350e-02, 5.39419092e-02,
            3.59612741e-02, 1.79806370e-02, 1.79806370e-02,
            1.52143845e-02, 2.21300144e-02, 1.93637628e-02,
            1.93637628e-02, 1.52143845e-02, 2.90456433e-02,
            8.29875562e-03, 1.24481330e-02, 8.29875562e-03,
            1.38312588e-02, 4.14937781e-03, 6.91562938e-03,
            1.38312590e-03, 1.10650072e-02, 4.14937781e-03,
            1.38312590e-03, 5.53250359e-03, 1.38312590e-03, 0.0,
            1.38312590e-03, 0.0, 0.0, 0.0, 0.0, 0.0, 0.0, 0.0, 0.0, 0.0,
            0.0, 0.0, 0.0, 0.0, 0.0, 0.0, 0.0, 0.0, 0.0, 0.0, 0.0, 0.0,
            0.0, 0.0, 0.0, 0.0, 2.76625180e-03, 1.38312590e-03,
            1.38312590e-03, 2.76625180e-03, 1.38312590e-03,
            6.91562938e-03, 1.38312590e-03, 8.29875562e-03,
            9.68188141e-03, 5.53250359e-03, 8.29875562e-03,
            1.38312590e-03, 2.76625180e-03, 4.14937781e-03,
            2.76625180e-03, 4.14937781e-03, 4.14937781e-03,
            4.14937781e-03, 9.68188141e-03, 8.29875562e-03,
            4.14937781e-03, 6.91562938e-03, 4.14937781e-03,
            5.53250359e-03, 6.91562938e-03, 2.76625180e-03, 0.0, 0.0,
            0.0, 0.0, 0.0, 2.76625180e-03, 1.38312590e-03, 0.0, 0.0, 0.0,
            0.0, 0.0, 0.0, 0.0, 0.0, 0.0, 0.0, 0.0, 0.0, 0.0, 0.0, 0.0,
            0.0, 0.0, 0.0, 0.0, 0.0, 0.0, 0.0, 0.0, 0.0, 0.0, 0.0,
            1.38312590e-03, 0.0, 4.14937781e-03, 2.76625180e-03,
            1.38312590e-03, 1.38312590e-03, 5.53250359e-03,
            1.38312590e-03, 1.38312590e-03, 5.53250359e-03,
            2.76625180e-03, 4.14937781e-03, 5.53250359e-03,
            1.38312590e-03, 4.14937781e-03, 4.14937781e-03,
            2.76625180e-03, 1.38312590e-03, 1.10650072e-02,
            6.91562938e-03, 4.14937781e-03, 5.53250359e-03,
