{
    "h": {
        "type_id": "opencv-matrix",
        "rows": 50,
        "cols": 60,
        "dt": "f",
        "data": [ 0.0, 0.0, 0.0, 0.0, 0.0, 0.0, 0.0, 0.0, 0.0, 0.0, 0.0,
            0.0, 0.0, 0.0, 0.0, 0.0, 0.0, 0.0, 0.0, 0.0, 0.0, 0.0, 0.0,
            0.0, 0.0, 0.0, 0.0, 0.0, 0.0, 0.0, 0.0, 0.0, 0.0, 0.0, 0.0,
            0.0, 0.0, 0.0, 0.0, 0.0, 0.0, 0.0, 0.0, 0.0, 0.0, 0.0, 0.0,
            0.0, 0.0, 0.0, 0.0, 0.0, 0.0, 0.0, 0.0, 0.0, 0.0, 0.0, 0.0,
            0.0, 0.0, 0.0, 0.0, 0.0, 0.0, 0.0, 0.0, 0.0, 0.0, 0.0, 0.0,
            0.0, 0.0, 0.0, 0.0, 0.0, 0.0, 0.0, 0.0, 0.0, 0.0, 0.0, 0.0,
            1.66112953e-03, 0.0, 0.0, 1.66112953e-03, 0.0, 0.0,
            1.66112953e-03, 0.0, 0.0, 1.66112953e-03, 3.32225906e-03,
            8.30564741e-03, 1.16279069e-02, 1.99335553e-02,
            2.15946846e-02, 8.30564741e-03, 1.66112948e-02,
            1.16279069e-02, 3.32225906e-03, 0.0, 0.0, 0.0, 0.0, 0.0, 0.0,
            0.0, 0.0, 0.0, 0.0, 0.0, 0.0, 0.0, 0.0, 0.0, 0.0, 0.0, 0.0,
            0.0, 0.0, 0.0, 0.0, 0.0, 0.0, 0.0, 1.66112953e-03, 0.0, 0.0,
            0.0, 0.0, 0.0, 0.0, 0.0, 0.0, 0.0, 3.32225906e-03, 0.0, 0.0,
            0.0, 0.0, 0.0, 0.0, 0.0, 3.32225906e-03, 3.32225906e-03,
            1.66112953e-03, 4.98338882e-03, 1.66112953e-03,
            1.32890362e-02, 9.96677764e-03, 2.65780725e-02,
            4.15282398e-02, 8.13953504e-02, 1.11295678e-01,
            2.09302321e-01, 3.77076417e-01, 3.37209284e-01,
            2.44186044e-01, 1.69435218e-01, 4.98338863e-02,
            4.98338882e-03, 1.16279069e-02, 4.98338882e-03,
            6.64451811e-03, 0.0, 0.0, 3.32225906e-03, 1.66112953e-03,
            0.0, 0.0, 0.0, 4.98338882e-03, 0.0, 0.0, 0.0, 0.0,
            1.66112953e-03, 0.0, 0.0, 0.0, 0.0, 0.0, 0.0, 0.0, 0.0, 0.0,
            3.32225906e-03, 0.0, 3.32225906e-03, 1.66112953e-03,
            4.98338882e-03, 3.32225906e-03, 1.32890362e-02,
            4.98338882e-03, 6.64451811e-03, 9.96677764e-03,
            1.32890362e-02, 1.32890362e-02, 1.66112948e-02,
            1.49501655e-02, 1.99335553e-02, 1.49501655e-02,
            2.49169432e-02, 1.49501655e-02, 2.32558139e-02,
            1.82724241e-02, 1.49501655e-02, 1.66112948e-02,
            2.32558139e-02, 3.32225896e-02, 2.65780725e-02,
            3.82059775e-02, 4.15282398e-02, 3.98671106e-02,
            4.15282398e-02, 4.15282398e-02, 1.82724241e-02,
            2.65780725e-02, 1.66112948e-02, 8.30564741e-03,
            6.64451811e-03, 1.32890362e-02, 3.32225906e-03,
            1.16279069e-02, 1.66112953e-03, 1.66112953e-03,
            3.32225906e-03, 1.66112953e-03, 0.0, 0.0, 3.32225906e-03,
            0.0, 0.0, 0.0, 1.66112953e-03, 4.98338882e-03, 0.0,
            1.66112953e-03, 0.0, 0.0, 0.0, 0.0, 0.0, 0.0, 0.0,
            8.30564741e-03, 4.98338882e-03, 6.64451811e-03,
            3.32225906e-03, 1.16279069e-02, 8.30564741e-03,
            9.96677764e-03, 2.49169432e-02, 2.15946846e-02,
            3.32225896e-02, 2.15946846e-02, 2.32558139e-02,
            1.99335553e-02, 1.32890362e-02, 1.32890362e-02,
            2.49169432e-02, 2.15946846e-02, 1.82724241e-02,
            1.66112948e-02, 1.99335553e-02, 1.82724241e-02,
            1.32890362e-02, 1.99335553e-02, 2.32558139e-02,
            8.30564741e-03, 1.32890362e-02, 1.16279069e-02,
            9.96677764e-03, 1.49501655e-02, 2.15946846e-02,
            6.64451811e-03, 1.32890362e-02, 6.64451811e-03,
            6.64451811e-03, 9.96677764e-03, 1.66112953e-03,
            1.66112953e-03, 1.66112953e-03, 1.66112953e-03,
            1.66112953e-03, 1.66112953e-03, 1.66112953e-03,
            6.64451811e-03, 1.66112953e-03, 1.66112953e-03, 0.0,
            3.32225906e-03, 3.32225906e-03, 1.66112953e-03,
            4.98338882e-03, 0.0, 3.32225906e-03, 6.64451811e-03, 0.0,
            0.0, 0.0, 0.0, 0.0, 0.0, 3.32225906e-03, 4.98338882e-03,
            1.66112948e-02, 9.96677764e-03, 1.82724241e-02,
            2.65780725e-02, 2.32558139e-02, 2.15946846e-02,
            1.82724241e-02, 1.66112948e-02, 1.99335553e-02,
            1.66112948e-02, 1.32890362e-02, 1.16279069e-02,
            1.32890362e-02, 1.99335553e-02, 1.99335553e-02,
            1.49501655e-02, 9.96677764e-03, 8.30564741e-03,
            2.32558139e-02, 1.82724241e-02, 1.49501655e-02,
            1.49501655e-02, 1.16279069e-02, 6.64451811e-03,
            9.96677764e-03, 3.32225906e-03, 1.16279069e-02,
            8.30564741e-03, 4.98338882e-03, 6.64451811e-03,
            4.98338882e-03, 9.96677764e-03, 4.98338882e-03,
            3.32225906e-03, 1.66112953e-03, 1.66112953e-03,
            1.66112953e-03, 0.0, 1.66112953e-03, 3.32225906e-03, 0.0,
            1.66112953e-03, 0.0, 3.32225906e-03, 1.66112953e-03,
            1.66112953e-03, 1.66112953e-03, 4.98338882e-03,
            1.66112953e-03, 0.0, 1.66112953e-03, 0.0, 0.0, 0.0, 0.0, 0.0,
            0.0, 0.0, 3.32225906e-03, 1.16279069e-02, 1.99335553e-02,
            1.16279069e-02, 1.49501655e-02, 2.49169432e-02,
            1.82724241e-02, 1.16279069e-02, 1.82724241e-02,
            2.15946846e-02, 1.16279069e-02, 1.82724241e-02,
            2.65780725e-02, 1.82724241e-02, 1.49501655e-02,
            1.99335553e-02, 1.82724241e-02, 1.49501655e-02,
            1.66112948e-02, 1.82724241e-02, 3.32225896e-02,
            1.82724241e-02, 2.49169432e-02, 2.99003311e-02,
            5.64784035e-02, 1.99335553e-02, 3.65448482e-02,
            1.82724241e-02, 1.49501655e-02, 1.99335553e-02,
            2.65780725e-02, 5.98006621e-02, 4.65116277e-02,
            4.65116277e-02, 4.48504984e-02, 3.65448482e-02,
            1.66112948e-02, 3.32225906e-03, 3.32225906e-03,
            6.64451811e-03, 3.32225906e-03, 6.64451811e-03,
            4.98338882e-03, 0.0, 1.66112953e-03, 0.0, 1.66112953e-03,
            0.0, 0.0, 0.0, 0.0, 0.0, 1.66112953e-03, 1.66112953e-03, 0.0,
            0.0, 0.0, 0.0, 0.0, 0.0, 8.30564741e-03, 1.32890362e-02,
            1.16279069e-02, 1.82724241e-02, 1.49501655e-02,
            2.32558139e-02, 2.99003311e-02, 2.65780725e-02,
            1.49501655e-02, 1.82724241e-02, 2.32558139e-02,
            2.32558139e-02, 9.96677764e-03, 1.32890362e-02,
            8.30564741e-03, 9.96677764e-03, 1.66112948e-02,
            1.66112948e-02, 9.96677764e-03, 1.32890362e-02,
            2.82392018e-02, 1.82724241e-02, 2.65780725e-02,
            2.49169432e-02, 3.48837189e-02, 1.49501655e-02,
            1.82724241e-02, 2.32558139e-02, 2.32558139e-02,
            1.99335553e-02, 1.32890362e-02, 1.99335553e-02,
            1.32890362e-02, 1.82724241e-02, 1.99335553e-02,
            1.49501655e-02, 0.0, 9.96677764e-03, 4.98338882e-03,
            4.98338882e-03, 6.64451811e-03, 0.0, 1.66112953e-03,
            3.32225906e-03, 1.66112953e-03, 3.32225906e-03,
            4.98338882e-03, 0.0, 0.0, 0.0, 0.0, 0.0, 1.66112953e-03,
            1.66112953e-03, 0.0, 0.0, 0.0, 0.0, 1.66112953e-03,
            4.98338882e-03, 3.32225906e-03, 1.99335553e-02,
            2.15946846e-02, 2.15946846e-02, 2.65780725e-02,
            3.32225896e-02, 4.31893691e-02, 4.15282398e-02,
            2.99003311e-02, 1.99335553e-02, 1.82724241e-02,
            1.49501655e-02, 2.99003311e-02, 1.49501655e-02,
            6.64451811e-03, 9.96677764e-03, 9.96677764e-03,
            3.32225906e-03, 4.98338882e-03, 8.30564741e-03,
            1.66112948e-02, 8.30564741e-03, 2.65780725e-02,
            1.99335553e-02, 3.82059775e-02, 2.82392018e-02,
            1.99335553e-02, 4.65116277e-02, 2.82392018e-02,
            3.32225896e-02, 1.82724241e-02, 2.65780725e-02,
            4.98338882e-03, 9.96677764e-03, 3.32225906e-03, 0.0,
            1.66112953e-03, 3.32225906e-03, 0.0, 1.66112953e-03,
            1.66112953e-03, 0.0, 0.0, 0.0, 0.0, 0.0, 0.0, 0.0, 0.0, 0.0,
            0.0, 0.0, 0.0, 0.0, 0.0, 0.0, 0.0, 0.0, 0.0, 3.32225906e-03,
            6.64451811e-03, 1.99335553e-02, 2.82392018e-02,
            3.15614603e-02, 4.31893691e-02, 4.48504984e-02,
