{
    "h": {
        "type_id": "opencv-matrix",
        "rows": 50,
        "cols": 60,
        "dt": "f",
        "data": [ 1.23102171e-03, 0.0, 0.0, 0.0, 0.0, 0.0, 0.0, 0.0, 0.0,
            0.0, 0.0, 0.0, 0.0, 0.0, 0.0, 0.0, 0.0, 0.0, 0.0, 0.0, 0.0,
            0.0, 0.0, 0.0, 0.0, 0.0, 0.0, 0.0, 0.0, 0.0, 0.0, 0.0, 0.0,
            0.0, 0.0, 0.0, 0.0, 0.0, 0.0, 0.0, 0.0, 0.0, 0.0, 0.0, 0.0,
            0.0, 0.0, 0.0, 0.0, 0.0, 0.0, 0.0, 0.0, 0.0, 0.0, 0.0, 0.0,
            0.0, 0.0, 0.0, 0.0, 0.0, 0.0, 0.0, 0.0, 0.0, 0.0, 0.0, 0.0,
            4.10340581e-04, 0.0, 0.0, 0.0, 0.0, 0.0, 0.0, 0.0, 0.0, 0.0,
            0.0, 0.0, 0.0, 0.0, 0.0, 0.0, 0.0, 0.0, 0.0, 0.0,
            4.10340581e-04, 0.0, 0.0, 0.0, 0.0, 0.0, 0.0, 0.0, 0.0, 0.0,
            0.0, 0.0, 0.0, 0.0, 0.0, 0.0, 0.0, 0.0, 0.0, 0.0, 0.0, 0.0,
            0.0, 0.0, 0.0, 0.0, 0.0, 0.0, 0.0, 0.0, 0.0, 0.0, 0.0, 0.0,
            4.10340581e-04, 0.0, 0.0, 0.0, 0.0, 0.0, 0.0, 0.0, 0.0, 0.0,
            0.0, 0.0, 0.0, 0.0, 0.0, 0.0, 0.0, 0.0, 4.10340581e-04, 0.0,
            0.0, 4.10340581e-04, 4.10340581e-04, 4.10340581e-04, 0.0,
            0.0, 8.20681162e-04, 4.10340581e-04, 4.10340581e-04, 0.0,
            4.10340581e-04, 4.10340581e-04, 4.10340581e-04,
            8.20681162e-04, 0.0, 4.10340581e-04, 0.0, 4.10340581e-04,
            4.10340581e-04, 0.0, 0.0, 0.0, 0.0, 0.0, 0.0, 0.0, 0.0, 0.0,
            0.0, 0.0, 0.0, 0.0, 0.0, 0.0, 0.0, 0.0, 0.0, 0.0, 0.0, 0.0,
            0.0, 0.0, 0.0, 4.10340581e-04, 8.20681162e-04, 0.0, 0.0, 0.0,
            4.10340581e-04, 8.20681162e-04, 1.64136232e-03,
            2.46204343e-03, 2.46204343e-03, 3.69306514e-03,
            1.23102171e-03, 1.64136232e-03, 2.46204343e-03,
            2.05170293e-03, 3.28272465e-03, 6.56544929e-03,
            3.28272465e-03, 2.46204343e-03, 2.05170293e-03,
            5.74476831e-03, 3.69306514e-03, 4.92408685e-03,
            6.15510857e-03, 7.38613028e-03, 5.74476831e-03,
            1.18998764e-02, 1.27205579e-02, 1.10791959e-02,
            1.18998764e-02, 9.02749319e-03, 9.84817371e-03,
            6.15510857e-03, 6.15510857e-03, 2.87238415e-03,
            3.28272465e-03, 8.20681162e-04, 2.05170293e-03,
            8.20681162e-04, 4.10340581e-04, 0.0, 1.23102171e-03, 0.0,
            0.0, 0.0, 4.10340581e-04, 0.0, 0.0, 0.0, 0.0, 0.0, 0.0, 0.0,
            0.0, 0.0, 0.0, 0.0, 0.0, 0.0, 0.0, 0.0, 0.0, 0.0,
            4.10340581e-04, 4.10340581e-04, 2.46204343e-03,
            1.23102171e-03, 3.69306514e-03, 2.87238415e-03,
            4.92408685e-03, 4.92408685e-03, 5.74476831e-03,
            5.33442758e-03, 6.15510857e-03, 3.69306514e-03,
            3.69306514e-03, 3.69306514e-03, 3.28272465e-03,
            1.64136232e-03, 3.28272465e-03, 4.92408685e-03,
            2.46204343e-03, 4.51374659e-03, 1.64136232e-03,
            4.51374659e-03, 2.46204343e-03, 1.64136232e-03,
            5.74476831e-03, 1.64136232e-03, 5.74476831e-03,
            4.51374659e-03, 4.92408685e-03, 4.51374659e-03,
            3.69306514e-03, 5.33442758e-03, 2.46204343e-03,
            2.87238415e-03, 1.64136232e-03, 2.46204343e-03,
            1.23102171e-03, 2.05170293e-03, 0.0, 1.64136232e-03,
            4.10340581e-04, 0.0, 1.23102171e-03, 8.20681162e-04, 0.0,
            0.0, 0.0, 0.0, 0.0, 0.0, 0.0, 0.0, 4.10340581e-04, 0.0, 0.0,
            4.10340581e-04, 4.10340581e-04, 4.10340581e-04,
            4.10340581e-04, 0.0, 4.10340581e-04, 8.20681162e-04,
            8.20681162e-04, 1.23102171e-03, 2.46204343e-03,
            3.28272465e-03, 5.33442758e-03, 8.20681162e-04,
            1.23102171e-03, 4.92408685e-03, 8.20681162e-04,
            3.28272465e-03, 4.10340587e-03, 2.87238415e-03,
            6.15510857e-03, 1.64136232e-03, 2.05170293e-03,
            4.51374659e-03, 3.28272465e-03, 4.10340587e-03,
            2.87238415e-03, 6.15510857e-03, 8.61715246e-03,
            6.15510857e-03, 6.56544929e-03, 1.06688552e-02,
            7.79647101e-03, 6.15510857e-03, 5.74476831e-03,
            3.28272465e-03, 4.10340581e-04, 2.87238415e-03,
            4.10340587e-03, 2.46204343e-03, 1.23102171e-03,
            8.20681162e-04, 2.87238415e-03, 3.28272465e-03,
            4.10340581e-04, 8.20681162e-04, 0.0, 0.0, 0.0, 0.0, 0.0,
            4.10340581e-04, 0.0, 0.0, 0.0, 0.0, 0.0, 0.0, 4.10340581e-04,
            0.0, 4.10340581e-04, 0.0, 4.10340581e-04, 1.23102171e-03,
            4.10340581e-04, 4.10340581e-04, 0.0, 4.10340581e-04,
            2.05170293e-03, 4.10340581e-04, 4.10340587e-03,
            1.64136232e-03, 1.23102171e-03, 2.46204343e-03,
            1.23102171e-03, 2.05170293e-03, 1.64136232e-03,
            4.10340587e-03, 2.46204343e-03, 3.69306514e-03,
            4.92408685e-03, 6.56544929e-03, 6.97579002e-03,
            5.74476831e-03, 8.61715246e-03, 1.06688552e-02,
            1.60032827e-02, 2.17480510e-02, 1.64136235e-02,
            2.25687325e-02, 2.95445211e-02, 2.70824786e-02,
            3.52892913e-02, 2.17480510e-02, 1.84653252e-02,
            8.20681173e-03, 4.92408685e-03, 4.10340581e-04,
            1.23102171e-03, 8.20681162e-04, 0.0, 0.0, 0.0, 0.0, 0.0, 0.0,
            0.0, 0.0, 0.0, 0.0, 0.0, 0.0, 0.0, 0.0, 0.0, 0.0, 0.0, 0.0,
            0.0, 0.0, 0.0, 0.0, 8.20681162e-04, 0.0, 1.23102171e-03,
            8.20681162e-04, 2.05170293e-03, 1.23102171e-03,
            8.20681162e-04, 1.23102171e-03, 8.20681162e-04,
            1.64136232e-03, 1.23102171e-03, 1.64136232e-03, 0.0,
            1.64136232e-03, 2.87238415e-03, 2.05170293e-03,
            4.10340581e-04, 2.05170293e-03, 3.69306514e-03,
            4.51374659e-03, 2.46204343e-03, 3.28272465e-03,
            6.56544929e-03, 3.28272465e-03, 5.33442758e-03,
            5.74476831e-03, 6.97579002e-03, 3.69306514e-03,
            2.46204343e-03, 2.87238415e-03, 8.20681162e-04,
            1.64136232e-03, 1.64136232e-03, 0.0, 0.0, 0.0,
            4.10340581e-04, 0.0, 0.0, 0.0, 0.0, 0.0, 0.0, 0.0, 0.0, 0.0,
            0.0, 0.0, 0.0, 0.0, 0.0, 0.0, 0.0, 0.0, 0.0, 0.0,
            8.20681162e-04, 0.0, 0.0, 8.20681162e-04, 8.20681162e-04,
            4.10340581e-04, 4.10340581e-04, 4.10340581e-04,
            1.23102171e-03, 2.05170293e-03, 8.20681162e-04,
            1.23102171e-03, 8.20681162e-04, 8.20681162e-04,
            8.20681162e-04, 2.05170293e-03, 3.28272465e-03,
            4.51374659e-03, 1.23102171e-03, 3.28272465e-03,
            3.69306514e-03, 4.92408685e-03, 2.05170293e-03,
            2.05170293e-03, 1.64136232e-03, 8.20681162e-04,
            2.46204343e-03, 1.64136232e-03, 4.10340581e-04,
            4.10340581e-04, 0.0, 4.10340581e-04, 0.0, 0.0,
            4.10340581e-04, 0.0, 0.0, 0.0, 0.0, 0.0, 0.0, 0.0, 0.0, 0.0,
            0.0, 0.0, 0.0, 0.0, 0.0, 0.0, 0.0, 0.0, 0.0, 0.0, 0.0, 0.0,
            0.0, 0.0, 0.0, 0.0, 0.0, 0.0, 8.20681162e-04, 8.20681162e-04,
            4.10340581e-04, 4.10340581e-04, 8.20681162e-04,
            8.20681162e-04, 0.0, 4.10340581e-04, 1.23102171e-03,
            8.20681162e-04, 1.23102171e-03, 4.10340581e-04,
            1.64136232e-03, 2.87238415e-03, 3.69306514e-03,
            4.51374659e-03, 2.46204343e-03, 1.64136232e-03,
            8.20681162e-04, 4.10340581e-04, 8.20681162e-04,
            4.10340581e-04, 0.0, 0.0, 0.0, 0.0, 0.0, 0.0, 0.0, 0.0, 0.0,
            0.0, 0.0, 0.0, 0.0, 0.0, 0.0, 0.0, 0.0, 0.0, 0.0, 0.0, 0.0,
            0.0, 0.0, 0.0, 0.0, 0.0, 0.0, 0.0, 0.0, 0.0, 0.0, 0.0, 0.0,
            0.0, 0.0, 0.0, 0.0, 0.0, 8.20681162e-04, 8.20681162e-04,
            8.20681162e-04, 8.20681162e-04, 4.10340581e-04,
            1.23102171e-03, 4.10340581e-04, 4.10340581e-04,
            4.10340581e-04, 1.23102171e-03, 2.05170293e-03,
            4.10340581e-04, 3.28272465e-03, 3.28272465e-03,
            1.64136232e-03, 1.64136232e-03, 4.10340581e-04,
            2.05170293e-03, 8.20681162e-04, 4.10340581e-04, 0.0, 0.0,
            0.0, 4.10340581e-04, 4.10340581e-04, 0.0, 0.0, 0.0, 0.0, 0.0,
            0.0, 0.0, 0.0, 0.0, 0.0, 0.0, 0.0, 0.0, 0.0, 0.0, 0.0, 0.0,
