{
    "h": {
        "type_id": "opencv-matrix",
        "rows": 50,
        "cols": 60,
        "dt": "f",
        "data": [ 2.34349921e-01, 0.0, 0.0, 0.0, 2.40770471e-03,
            2.40770471e-03, 0.0, 8.02568218e-04, 3.21027287e-03,
            2.40770471e-03, 8.02568218e-04, 0.0, 0.0, 2.40770471e-03,
            8.02568218e-04, 0.0, 0.0, 0.0, 8.02568218e-04, 0.0, 0.0, 0.0,
            0.0, 0.0, 0.0, 0.0, 0.0, 0.0, 0.0, 0.0, 0.0, 0.0, 0.0, 0.0,
            0.0, 0.0, 0.0, 0.0, 0.0, 0.0, 0.0, 0.0, 0.0, 0.0, 0.0, 0.0,
            0.0, 0.0, 0.0, 0.0, 0.0, 0.0, 0.0, 0.0, 0.0, 0.0, 0.0, 0.0,
            0.0, 0.0, 0.0, 0.0, 1.60513644e-03, 1.36436597e-02,
            8.02568253e-03, 7.22311391e-03, 4.01284127e-03,
            5.61797759e-03, 1.60513644e-03, 5.61797759e-03,
            8.02568218e-04, 8.02568218e-04, 8.02568218e-04,
            8.02568218e-04, 1.60513644e-03, 1.60513644e-03, 0.0, 0.0,
            0.0, 8.02568218e-04, 0.0, 0.0, 8.02568218e-04, 0.0, 0.0,
            8.02568218e-04, 8.02568218e-04, 0.0, 0.0, 0.0, 0.0, 0.0, 0.0,
            0.0, 0.0, 0.0, 0.0, 0.0, 0.0, 0.0, 0.0, 0.0, 0.0,
            8.02568218e-04, 8.02568218e-04, 0.0, 0.0, 0.0, 0.0, 0.0, 0.0,
            0.0, 0.0, 0.0, 0.0, 0.0, 0.0, 0.0, 0.0, 0.0, 0.0, 0.0, 0.0,
            0.0, 0.0, 0.0, 0.0, 8.02568218e-04, 0.0, 1.60513644e-03,
            8.02568218e-04, 2.40770471e-03, 1.60513644e-03,
            8.02568218e-04, 0.0, 2.40770471e-03, 0.0, 8.02568218e-04,
            3.21027287e-03, 0.0, 0.0, 0.0, 8.02568218e-04,
            1.60513644e-03, 1.60513644e-03, 0.0, 8.02568218e-04,
            8.02568218e-04, 0.0, 8.02568218e-04, 1.60513644e-03, 0.0,
            0.0, 4.81540943e-03, 1.60513644e-03, 6.42054575e-03,
            3.21027287e-03, 4.01284127e-03, 1.60513644e-03,
            7.22311391e-03, 3.21027287e-03, 3.21027287e-03,
            1.60513644e-03, 8.02568218e-04, 4.01284127e-03,
            1.60513644e-03, 8.02568218e-04, 0.0, 2.40770471e-03, 0.0,
            0.0, 0.0, 8.02568218e-04, 0.0, 0.0, 0.0, 0.0, 0.0, 0.0, 0.0,
            0.0, 0.0, 0.0, 4.01284127e-03, 8.82825069e-03,
            1.12359552e-02, 2.32744776e-02, 1.28410915e-02,
            1.28410915e-02, 4.81540943e-03, 8.82825069e-03,
            1.44462278e-02, 4.81540943e-03, 4.81540943e-03,
            5.61797759e-03, 1.60513644e-03, 1.60513644e-03,
            4.81540943e-03, 3.21027287e-03, 8.02568253e-03,
            7.22311391e-03, 9.63081885e-03, 2.40770471e-03,
            2.40770471e-03, 4.01284127e-03, 4.81540943e-03,
            8.02568253e-03, 4.81540943e-03, 4.81540943e-03,
            4.81540943e-03, 9.63081885e-03, 7.22311391e-03,
            8.82825069e-03, 1.20385233e-02, 1.60513651e-02,
            6.42054575e-03, 1.28410915e-02, 1.76565014e-02,
            1.92616377e-02, 1.52487960e-02, 1.20385233e-02,
            1.76565014e-02, 6.42054575e-03, 8.02568253e-03,
            5.61797759e-03, 7.22311391e-03, 2.40770471e-03,
            2.40770471e-03, 1.60513644e-03, 1.60513644e-03,
            1.60513644e-03, 1.60513644e-03, 0.0, 8.02568218e-04, 0.0,
            8.02568218e-04, 0.0, 0.0, 0.0, 8.02568218e-04, 0.0, 0.0, 0.0,
            2.40770471e-03, 5.61797759e-03, 1.60513644e-03,
            3.21027287e-03, 6.42054575e-03, 4.81540943e-03,
            1.60513644e-03, 5.61797759e-03, 6.42054575e-03,
            4.01284127e-03, 1.12359552e-02, 4.01284127e-03,
            8.82825069e-03, 3.21027287e-03, 1.12359552e-02,
            6.42054575e-03, 6.42054575e-03, 4.81540943e-03,
            4.81540943e-03, 1.60513651e-02, 6.42054575e-03,
            1.04333870e-02, 8.02568253e-03, 1.20385233e-02,
            1.12359552e-02, 4.81540943e-03, 8.82825069e-03,
            1.04333870e-02, 8.02568253e-03, 3.21027287e-03,
            4.81540943e-03, 4.01284127e-03, 2.40770471e-03,
            1.60513644e-03, 8.02568218e-04, 0.0, 1.60513644e-03,
            8.02568218e-04, 0.0, 0.0, 0.0, 0.0, 0.0, 0.0, 8.02568218e-04,
            8.02568218e-04, 1.60513644e-03, 1.60513644e-03, 0.0, 0.0,
            0.0, 8.02568218e-04, 0.0, 0.0, 0.0, 0.0, 0.0, 8.02568218e-04,
            1.20385233e-02, 5.05617969e-02, 5.61797768e-02,
            3.21027301e-02, 3.37078646e-02, 2.56821830e-02,
            2.16693413e-02, 2.40770467e-02, 1.44462278e-02,
            1.44462278e-02, 2.40770467e-02, 2.24719103e-02,
            2.16693413e-02, 2.00642049e-02, 2.32744776e-02,
            2.08667740e-02, 2.48796139e-02, 4.49438207e-02,
            4.57463898e-02, 4.89566624e-02, 5.45746386e-02,
            6.58105910e-02, 6.90208673e-02, 1.05939008e-01,
            7.86516890e-02, 9.71107557e-02, 7.14285746e-02,
            7.70465508e-02, 5.37720695e-02, 4.81540933e-02,
            3.37078646e-02, 2.80898884e-02, 1.76565014e-02,
            1.68539323e-02, 5.61797759e-03, 8.02568253e-03,
            7.22311391e-03, 2.40770471e-03, 4.81540943e-03,
            4.01284127e-03, 0.0, 8.02568218e-04, 0.0, 2.40770471e-03,
            2.40770471e-03, 0.0, 0.0, 0.0, 8.02568218e-04,
            8.02568218e-04, 0.0, 0.0, 0.0, 0.0, 0.0, 0.0, 0.0, 0.0, 0.0,
            0.0, 4.81540943e-03, 8.02568218e-04, 5.21669351e-02,
            7.30337054e-02, 6.82182983e-02, 4.17335480e-02,
            4.97592278e-02, 4.41412516e-02, 2.64847521e-02,
            3.13001610e-02, 3.61155681e-02, 2.72873193e-02,
            2.64847521e-02, 2.80898884e-02, 5.13643660e-02,
            4.73515242e-02, 4.49438207e-02, 6.26003221e-02,
            4.49438207e-02, 3.93258445e-02, 4.97592278e-02,
            5.85874803e-02, 3.69181372e-02, 3.69181372e-02,
            4.65489551e-02, 4.17335480e-02, 3.29052955e-02,
            1.68539323e-02, 1.04333870e-02, 2.00642049e-02,
            2.08667740e-02, 1.92616377e-02, 1.84590686e-02,
            2.24719103e-02, 2.24719103e-02, 7.22311391e-03,
            7.22311391e-03, 1.12359552e-02, 9.63081885e-03,
            8.02568253e-03, 1.20385233e-02, 7.22311391e-03,
            1.20385233e-02, 4.81540943e-03, 4.81540943e-03,
            3.21027287e-03, 3.21027287e-03, 6.42054575e-03,
            1.60513644e-03, 1.60513644e-03, 4.81540943e-03, 0.0,
            2.40770471e-03, 0.0, 0.0, 2.40770471e-03, 8.02568218e-04,
            0.0, 8.02568218e-04, 0.0, 0.0, 0.0, 8.02568218e-04,
            4.81540943e-03, 4.81540943e-03, 8.82825069e-03,
            1.04333870e-02, 1.12359552e-02, 1.20385233e-02,
            1.68539323e-02, 1.76565014e-02, 1.60513651e-02,
            1.28410915e-02, 1.60513651e-02, 2.40770467e-02,
            2.24719103e-02, 1.92616377e-02, 2.48796139e-02,
            1.76565014e-02, 1.44462278e-02, 8.82825069e-03,
            1.92616377e-02, 1.36436597e-02, 1.04333870e-02,
            4.01284127e-03, 1.04333870e-02, 6.42054575e-03,
            5.61797759e-03, 1.12359552e-02, 1.28410915e-02,
            4.01284127e-03, 3.21027287e-03, 2.40770471e-03,
            8.02568218e-04, 8.02568218e-04, 8.02568218e-04,
            1.60513644e-03, 8.02568218e-04, 0.0, 8.02568218e-04, 0.0,
            2.40770471e-03, 0.0, 0.0, 1.60513644e-03, 0.0, 0.0, 0.0, 0.0,
            0.0, 8.02568218e-04, 0.0, 0.0, 0.0, 0.0, 8.02568218e-04, 0.0,
            0.0, 8.02568218e-04, 2.40770471e-03, 2.39967898e-01, 1.0,
            1.85393259e-01, 2.00642049e-02, 1.60513651e-02,
            2.56821830e-02, 3.45104337e-02, 3.29052955e-02,
            1.60513651e-02, 1.60513651e-02, 2.00642049e-02,
            1.44462278e-02, 1.04333870e-02, 8.02568253e-03,
            1.28410915e-02, 4.81540943e-03, 6.42054575e-03,
            4.81540943e-03, 2.40770471e-03, 3.21027287e-03,
            2.40770471e-03, 4.01284127e-03, 8.02568218e-04,
            1.60513644e-03, 1.60513644e-03, 1.60513644e-03,
            8.02568218e-04, 3.21027287e-03, 0.0, 4.01284127e-03,
            1.60513644e-03, 0.0, 0.0, 0.0, 0.0, 0.0, 0.0, 0.0, 0.0, 0.0,
            0.0, 0.0, 0.0, 0.0, 0.0, 0.0, 0.0, 8.02568218e-04, 0.0, 0.0,
            0.0, 0.0, 0.0, 0.0, 0.0, 0.0, 0.0, 0.0, 0.0, 0.0, 0.0,
